Seepage across an earthen dam in response to rapid rise in reservoir level
2000.0 0. 0.           /A-2 -- TMAX, STIM, ANG
m   day g   J          /A-3 -- ZUNIT, TUNIT, CUNX, HUNX
54 26                  /A-4 -- NXR, NLY
1 4000                 /A-5 -- NRECH, NUMT
F T F F                /A-6 -- RAD, ITSTOP, HEAT, SOLUTE
F F F F F              /A-12 -- F11P, F7P, F8P, F9P, F6P
F F T F F              /A-13 -- THPT, SPNT, PPNT, HPNT, VPNT
0 1                    /A-14 -- IFAC, FACX. A-15 begins next line: DXR
1.0 1.0 1.0 1.0 1.0 1.0 1.0 1.0 1.0 1.0 
1.0 1.0 1.0 1.0 1.0 1.0 1.0 1.0 1.0 1.0 
1.0 1.0 1.0 1.0 1.0 1.0 1.0 1.0 1.0 1.0 
1.0 1.0 1.0 1.0 1.0 1.0 1.0 1.0 1.0 1.0 
1.0 1.0 1.0 1.0 1.0 1.0 1.0 1.0 1.0 1.0 
1.0 1.0 1.0 1.0
0 1                    /A-17 -- JFAC, FACZ. A-18 begins next line: DELZ
0.5 0.5 0.5 0.5 0.5 0.5 0.5 0.5 0.5 0.5 
0.5 0.5 0.5 0.5 0.5 0.5 0.5 0.5 0.5 0.5 
0.5 0.5 0.5 0.5 0.5 0.5 /End A-18
1.0E-5 0.7 0.5         /B-1 -- EPS, HMAX, WUS
2 200                  /B-4 -- MINIT, ITMAX
T                      /B-5 -- PHRD
2 6                    /B-6 -- NTEX, NPROP
1                      /B-7 -- HFT hydraulicFunctionType
1                      /B-8 -- ITEX. B-9 to begin next line: HK
1.0 0.0 0.0 0.0 0.0 0.0 0.0
2                      /B-8 -- ITEX. B-9 to begin next line: HK
1.0 0.0086 0.0 0.38 0.25 0.05 3.8
0                      /B-12 -- IROW. B-13 begins next line: JTEX
1 1 1 1 1 1 1 1 1 1 1 1 1 1 1 1 1 1 1 1 1 1 1 1 1 1 1 1 1 1 1 1 1 1 1 1 1 1 1 1 1 1 1 1 1 1 1 1 1 1 1 1 1 1 
1 1 1 1 1 1 1 1 1 1 1 1 1 1 1 1 1 1 1 1 1 1 1 1 2 2 2 2 2 1 1 1 1 1 1 1 1 1 1 1 1 1 1 1 1 1 1 1 1 1 1 1 1 1
1 1 1 1 1 1 1 1 1 1 1 1 1 1 1 1 1 1 1 1 1 1 1 2 2 2 2 2 2 2 1 1 1 1 1 1 1 1 1 1 1 1 1 1 1 1 1 1 1 1 1 1 1 1
1 1 1 1 1 1 1 1 1 1 1 1 1 1 1 1 1 1 1 1 1 1 2 2 2 2 2 2 2 2 2 1 1 1 1 1 1 1 1 1 1 1 1 1 1 1 1 1 1 1 1 1 1 1
1 1 1 1 1 1 1 1 1 1 1 1 1 1 1 1 1 1 1 1 1 2 2 2 2 2 2 2 2 2 2 2 1 1 1 1 1 1 1 1 1 1 1 1 1 1 1 1 1 1 1 1 1 1
1 1 1 1 1 1 1 1 1 1 1 1 1 1 1 1 1 1 1 1 2 2 2 2 2 2 2 2 2 2 2 2 2 1 1 1 1 1 1 1 1 1 1 1 1 1 1 1 1 1 1 1 1 1
1 1 1 1 1 1 1 1 1 1 1 1 1 1 1 1 1 1 1 2 2 2 2 2 2 2 2 2 2 2 2 2 2 2 1 1 1 1 1 1 1 1 1 1 1 1 1 1 1 1 1 1 1 1
1 1 1 1 1 1 1 1 1 1 1 1 1 1 1 1 1 1 2 2 2 2 2 2 2 2 2 2 2 2 2 2 2 2 2 1 1 1 1 1 1 1 1 1 1 1 1 1 1 1 1 1 1 1
1 1 1 1 1 1 1 1 1 1 1 1 1 1 1 1 1 2 2 2 2 2 2 2 2 2 2 2 2 2 2 2 2 2 2 2 1 1 1 1 1 1 1 1 1 1 1 1 1 1 1 1 1 1
1 1 1 1 1 1 1 1 1 1 1 1 1 1 1 1 2 2 2 2 2 2 2 2 2 2 2 2 2 2 2 2 2 2 2 2 2 1 1 1 1 1 1 1 1 1 1 1 1 1 1 1 1 1
1 1 1 1 1 1 1 1 1 1 1 1 1 1 1 2 2 2 2 2 2 2 2 2 2 2 2 2 2 2 2 2 2 2 2 2 2 2 1 1 1 1 1 1 1 1 1 1 1 1 1 1 1 1
1 1 1 1 1 1 1 1 1 1 1 1 1 1 2 2 2 2 2 2 2 2 2 2 2 2 2 2 2 2 2 2 2 2 2 2 2 2 2 1 1 1 1 1 1 1 1 1 1 1 1 1 1 1
1 1 1 1 1 1 1 1 1 1 1 1 1 2 2 2 2 2 2 2 2 2 2 2 2 2 2 2 2 2 2 2 2 2 2 2 2 2 2 2 1 1 1 1 1 1 1 1 1 1 1 1 1 1
1 1 1 1 1 1 1 1 1 1 1 1 2 2 2 2 2 2 2 2 2 2 2 2 2 2 2 2 2 2 2 2 2 2 2 2 2 2 2 2 2 1 1 1 1 1 1 1 1 1 1 1 1 1
1 1 1 1 1 1 1 1 1 1 1 2 2 2 2 2 2 2 2 2 2 2 2 2 2 2 2 2 2 2 2 2 2 2 2 2 2 2 2 2 2 2 1 1 1 1 1 1 1 1 1 1 1 1
1 1 1 1 1 1 1 1 1 1 2 2 2 2 2 2 2 2 2 2 2 2 2 2 2 2 2 2 2 2 2 2 2 2 2 2 2 2 2 2 2 2 2 1 1 1 1 1 1 1 1 1 1 1
1 1 1 1 1 1 1 1 1 2 2 2 2 2 2 2 2 2 2 2 2 2 2 2 2 2 2 2 2 2 2 2 2 2 2 2 2 2 2 2 2 2 2 2 1 1 1 1 1 1 1 1 1 1
1 1 1 1 1 1 1 1 2 2 2 2 2 2 2 2 2 2 2 2 2 2 2 2 2 2 2 2 2 2 2 2 2 2 2 2 2 2 2 2 2 2 2 2 2 1 1 1 1 1 1 1 1 1
1 1 1 1 1 1 1 2 2 2 2 2 2 2 2 2 2 2 2 2 2 2 2 2 2 2 2 2 2 2 2 2 2 2 2 2 2 2 2 2 2 2 2 2 2 2 1 1 1 1 1 1 1 1
1 1 1 1 1 1 2 2 2 2 2 2 2 2 2 2 2 2 2 2 2 2 2 2 2 2 2 2 2 2 2 2 2 2 2 2 2 2 2 2 2 2 2 2 2 2 2 1 1 1 1 1 1 1
1 1 1 1 1 2 2 2 2 2 2 2 2 2 2 2 2 2 2 2 2 2 2 2 2 2 2 2 2 2 2 2 2 2 2 2 2 2 2 2 2 2 2 2 2 2 2 2 1 1 1 1 1 1
1 1 1 1 2 2 2 2 2 2 2 2 2 2 2 2 2 2 2 2 2 2 2 2 2 2 2 2 2 2 2 2 2 2 2 2 2 2 2 2 2 2 2 2 2 2 2 2 2 1 1 1 1 1
1 1 1 2 2 2 2 2 2 2 2 2 2 2 2 2 2 2 2 2 2 2 2 2 2 2 2 2 2 2 2 2 2 2 2 2 2 2 2 2 2 2 2 2 2 2 2 2 2 2 1 1 1 1
1 1 2 2 2 2 2 2 2 2 2 2 2 2 2 2 2 2 2 2 2 2 2 2 2 2 2 2 2 2 2 2 2 2 2 2 2 2 2 2 2 2 2 2 2 2 2 2 2 2 2 1 1 1
1 2 2 2 2 2 2 2 2 2 2 2 2 2 2 2 2 2 2 2 2 2 2 2 2 2 2 2 2 2 2 2 2 2 2 2 2 2 2 2 2 2 2 2 2 2 2 2 2 2 2 2 1 1
1 1 1 1 1 1 1 1 1 1 1 1 1 1 1 1 1 1 1 1 1 1 1 1 1 1 1 1 1 1 1 1 1 1 1 1 1 1 1 1 1 1 1 1 1 1 1 1 1 1 1 1 1 1 /End B-13
2 1.0                  /B-15 -- IREAD, FACTOR
12.0 -12.0             /B-16 -- DWTX, HMIN
F F                    /B-18 -- BCIT, ETSIM
2000.0 0.01            /C-1 -- TPER, DELT (Recharge Period 1)
1.2 100.0 1.0E-5 0.1    /C-2 -- TMLT, DLTMX, DLTMIN, TRED
1.0 0.0                /C-3 -- DSMAX, STERR
100.0                  /C-4 -- POND
F                      /C-5 -- PRNT
F F T                  /C-6 -- BCIT, ETSIM, SEEP
1                      /C-7 -- NFCS
24 0                   /C-8 -- JJ, JLAST. C-9 begins next line: J, N
25 52
24 51
23 50
22 49
21 48
20 47
19 46
18 45
17 44
16 43
15 42
14 41
13 40
12 39
11 38
10 37
9 36
8 35
7 34
6 33
5 32
4 31
3 30
2 29
0                      /C-10 -- IBC
6 21 4 -2.0            /C-11 -- JJ, NN, NTX, PFDUM
7 20 4 -2.0            /C-11 -- JJ, NN, NTX, PFDUM
8 19 4 -2.0            /C-11 -- JJ, NN, NTX, PFDUM
9 18 4 -2.0            /C-11 -- JJ, NN, NTX, PFDUM
10 17 4 -2.0           /C-11 -- JJ, NN, NTX, PFDUM
11 16 4 -2.0           /C-11 -- JJ, NN, NTX, PFDUM
12 15 4 -2.0           /C-11 -- JJ, NN, NTX, PFDUM
13 14 4 -2.0           /C-11 -- JJ, NN, NTX, PFDUM
14 13 4 -2.0           /C-11 -- JJ, NN, NTX, PFDUM
15 12 4 -2.0           /C-11 -- JJ, NN, NTX, PFDUM
16 11 4 -2.0           /C-11 -- JJ, NN, NTX, PFDUM
17 10 4 -2.0           /C-11 -- JJ, NN, NTX, PFDUM
18 9 4 -2.0            /C-11 -- JJ, NN, NTX, PFDUM
19 8 4 -2.0            /C-11 -- JJ, NN, NTX, PFDUM
20 7 4 -2.0            /C-11 -- JJ, NN, NTX, PFDUM
21 6 4 -2.0            /C-11 -- JJ, NN, NTX, PFDUM
22 5 4 -2.0            /C-11 -- JJ, NN, NTX, PFDUM
23 4 4 -2.0            /C-11 -- JJ, NN, NTX, PFDUM
24 3 4 -2.0            /C-11 -- JJ, NN, NTX, PFDUM
25 2 4 -2.0            /C-11 -- JJ, NN, NTX, PFDUM
2 29 3 0.0             /C-11 -- JJ, NN, NTX, PFDUM
3 30 3 0.0             /C-11 -- JJ, NN, NTX, PFDUM
4 31 3 0.0             /C-11 -- JJ, NN, NTX, PFDUM
5 32 3 0.0             /C-11 -- JJ, NN, NTX, PFDUM
6 33 3 0.0             /C-11 -- JJ, NN, NTX, PFDUM
7 34 3 0.0             /C-11 -- JJ, NN, NTX, PFDUM
8 35 3 0.0             /C-11 -- JJ, NN, NTX, PFDUM
9 36 3 0.0             /C-11 -- JJ, NN, NTX, PFDUM
10 37 3 0.0            /C-11 -- JJ, NN, NTX, PFDUM
11 38 3 0.0            /C-11 -- JJ, NN, NTX, PFDUM
12 39 3 0.0            /C-11 -- JJ, NN, NTX, PFDUM
13 40 3 0.0            /C-11 -- JJ, NN, NTX, PFDUM
14 41 3 0.0            /C-11 -- JJ, NN, NTX, PFDUM
15 42 3 0.0            /C-11 -- JJ, NN, NTX, PFDUM
16 43 3 0.0            /C-11 -- JJ, NN, NTX, PFDUM
17 44 3 0.0            /C-11 -- JJ, NN, NTX, PFDUM
18 45 3 0.0            /C-11 -- JJ, NN, NTX, PFDUM
19 46 3 0.0            /C-11 -- JJ, NN, NTX, PFDUM
20 47 3 0.0            /C-11 -- JJ, NN, NTX, PFDUM
21 48 3 0.0            /C-11 -- JJ, NN, NTX, PFDUM
22 49 3 0.0            /C-11 -- JJ, NN, NTX, PFDUM
23 50 3 0.0            /C-11 -- JJ, NN, NTX, PFDUM
24 51 3 0.0            /C-11 -- JJ, NN, NTX, PFDUM
25 52 3 0.0            /C-11 -- JJ, NN, NTX, PFDUM
25 46 4 -12.0          /C-11 -- JJ, NN, NTX, PFDUM
25 47 4 -12.0          /C-11 -- JJ, NN, NTX, PFDUM
25 48 4 -12.0          /C-11 -- JJ, NN, NTX, PFDUM
25 49 4 -12.0          /C-11 -- JJ, NN, NTX, PFDUM
25 50 4 -12.0          /C-11 -- JJ, NN, NTX, PFDUM
25 51 4 -12.0          /C-11 -- JJ, NN, NTX, PFDUM
-999999                /C-19 -- End of data for recharge period 1
-999999 /End of input data file
