Development of seepage face on a slope with layered soils
21600.0 0. 0.          /A-2 -- TMAX, STIM, ANG
m   sec g   J          /A-3 -- ZUNIT, TUNIT, CUNX, HUNX
43 23                  /A-4 -- NXR, NLY
1 1000                 /A-5 -- NRECH, NUMT
F T F F                /A-6 -- RAD, ITSTOP, HEAT, SOLUTE
F F F F F              /A-12 -- F11P, F7P, F8P, F9P, F6P
F F T F F              /A-13 -- THPT, SPNT, PPNT, HPNT, VPNT
0 1                    /A-14 -- IFAC, FACX. A-15 begins next line: DXR
0.051041666 0.051041666 0.051041666 0.051041666 0.051041666 0.05978261 0.05978261 0.05978261 0.05978261 0.05978261 
0.05978261 0.05978261 0.05978261 0.05978261 0.05978261 0.05978261 0.05978261 0.05978261 0.05978261 0.05978261 
0.05978261 0.05978261 0.05978261 0.05978261 0.05978261 0.05978261 0.05978261 0.05978261 0.06160714 0.06160714 
0.06160714 0.06160714 0.06160714 0.06160714 0.06160714 0.06160714 0.06160714 0.06160714 0.06160714 0.06160714 
0.06160714 0.06160714 0.06160714
0 1                    /A-17 -- JFAC, FACZ. A-18 begins next line: DELZ
0.04761905 0.04761905 0.04761905 0.04761905 0.04761905 0.04761905 0.04761905 0.04761905 0.04761905 0.04761905 
0.04761905 0.04761905 0.04761905 0.04761905 0.04761905 0.04761905 0.04761905 0.04761905 0.04761905 0.04761905 
0.04761905 0.04761905 0.04761905 /End A-18
1.0E-6 0.9 0.5         /B-1 -- EPS, HMAX, WUS
2 200                  /B-4 -- MINIT, ITMAX
T                      /B-5 -- PHRD
3 6                    /B-6 -- NTEX, NPROP
1                      /B-7 -- HFT hydraulicFunctionType
1                      /B-8 -- ITEX. B-9 to begin next line: HK
1.0 0.0 0.0 0.0 0.0 0.0 0.0
2                      /B-8 -- ITEX. B-9 to begin next line: HK
1.0 0.00463 0.0 0.375 4.31 0.02 3.1
3                      /B-8 -- ITEX. B-9 to begin next line: HK
1.0 2.43E-5 0.0 0.377 1.04 0.072 6.9
0                      /B-12 -- IROW. B-13 begins next line: JTEX
1 1 1 1 1 1 1 1 1 1 1 1 1 1 1 1 1 1 1 1 1 1 1 1 1 1 1 1 1 1 1 1 1 1 1 1 1 1 1 1 1 1 1 
1 1 1 1 1 1 1 1 1 1 1 1 1 1 1 1 1 1 1 1 1 1 1 1 1 1 1 1 2 2 2 2 2 2 2 2 2 2 2 2 2 2 1
1 1 1 1 1 1 1 1 1 1 1 1 1 1 1 1 1 1 1 1 1 1 1 1 1 1 2 2 2 2 2 2 2 2 2 2 2 2 2 2 2 2 1
1 1 1 1 1 1 1 1 1 1 1 1 1 1 1 1 1 1 1 1 1 1 1 1 2 2 2 2 2 2 2 2 2 2 2 2 2 2 2 2 2 2 1
1 1 1 1 1 1 1 1 1 1 1 1 1 1 1 1 1 1 1 1 1 1 1 2 2 2 2 2 2 2 2 2 2 2 2 2 2 2 2 2 2 2 1
1 1 1 1 1 1 1 1 1 1 1 1 1 1 1 1 1 1 1 1 1 2 2 2 2 2 2 2 2 2 2 2 2 2 2 2 2 2 2 2 2 2 1
1 1 1 1 1 1 1 1 1 1 1 1 1 1 1 1 1 1 1 1 2 2 2 2 2 2 2 2 2 2 2 2 2 2 2 2 2 2 2 2 2 2 1
1 1 1 1 1 1 1 1 1 1 1 1 1 1 1 1 1 1 3 3 3 3 3 3 3 3 3 3 3 3 3 3 3 3 3 3 3 3 3 3 3 3 1
1 1 1 1 1 1 1 1 1 1 1 1 1 1 1 1 3 3 3 3 3 3 3 3 3 3 3 3 3 3 3 3 3 3 3 3 3 3 3 3 3 3 1
1 1 1 1 1 1 1 1 1 1 1 1 1 1 1 2 2 2 2 2 2 2 2 2 2 2 2 2 2 2 2 2 2 2 2 2 2 2 2 2 2 2 1
1 1 1 1 1 1 1 1 1 1 1 1 1 2 2 2 2 2 2 2 2 2 2 2 2 2 2 2 2 2 2 2 2 2 2 2 2 2 2 2 2 2 1
1 1 1 1 1 1 1 1 1 1 1 1 2 2 2 2 2 2 2 2 2 2 2 2 2 2 2 2 2 2 2 2 2 2 2 2 2 2 2 2 2 2 1
1 1 1 1 1 1 1 1 1 1 2 2 2 2 2 2 2 2 2 2 2 2 2 2 2 2 2 2 2 2 2 2 2 2 2 2 2 2 2 2 2 2 1
1 1 1 1 1 1 1 1 2 2 2 2 2 2 2 2 2 2 2 2 2 2 2 2 2 2 2 2 2 2 2 2 2 2 2 2 2 2 2 2 2 2 1
1 1 1 1 1 1 1 2 2 2 2 2 2 2 2 2 2 2 2 2 2 2 2 2 2 2 2 2 2 2 2 2 2 2 2 2 2 2 2 2 2 2 1
1 1 1 1 1 2 2 2 2 2 2 2 2 2 2 2 2 2 2 2 2 2 2 2 2 2 2 2 2 2 2 2 2 2 2 2 2 2 2 2 2 2 1
1 1 1 2 2 2 2 2 2 2 2 2 2 2 2 2 2 2 2 2 2 2 2 2 2 2 2 2 2 2 2 2 2 2 2 2 2 2 2 2 2 2 1
1 1 2 2 2 2 2 2 2 2 2 2 2 2 2 2 2 2 2 2 2 2 2 2 2 2 2 2 2 2 2 2 2 2 2 2 2 2 2 2 2 2 1
1 2 2 2 2 2 2 2 2 2 2 2 2 2 2 2 2 2 2 2 2 2 2 2 2 2 2 2 2 2 2 2 2 2 2 2 2 2 2 2 2 2 1
1 2 2 2 2 2 2 2 2 2 2 2 2 2 2 2 2 2 2 2 2 2 2 2 2 2 2 2 2 2 2 2 2 2 2 2 2 2 2 2 2 2 1
1 2 2 2 2 2 2 2 2 2 2 2 2 2 2 2 2 2 2 2 2 2 2 2 2 2 2 2 2 2 2 2 2 2 2 2 2 2 2 2 2 2 1
1 2 2 2 2 2 2 2 2 2 2 2 2 2 2 2 2 2 2 2 2 2 2 2 2 2 2 2 2 2 2 2 2 2 2 2 2 2 2 2 2 2 1
1 1 1 1 1 1 1 1 1 1 1 1 1 1 1 1 1 1 1 1 1 1 1 1 1 1 1 1 1 1 1 1 1 1 1 1 1 1 1 1 1 1 1 /End B-13
2 1.0                  /B-15 -- IREAD, FACTOR
1.5 -2.0               /B-16 -- DWTX, HMIN
F F                    /B-18 -- BCIT, ETSIM
21600.0 1.0            /C-1 -- TPER, DELT (Recharge Period 1)
1.2 600.0 0.001 0.1    /C-2 -- TMLT, DLTMX, DLTMIN, TRED
10.0 0.0               /C-3 -- DSMAX, STERR
100.0                  /C-4 -- POND
F                      /C-5 -- PRNT
F F T                  /C-6 -- BCIT, ETSIM, SEEP
1                      /C-7 -- NFCS
27 0                   /C-8 -- JJ, JLAST. C-9 begins next line: J, N
19 2
18 3
17 5
17 4
16 7
16 6
15 8
14 10
14 9
13 12
13 11
12 13
11 15
11 14
10 16
9 18
9 17
8 20
8 19
7 21
6 23
6 22
5 24
4 26
4 25
3 28
3 27
0                      /C-10 -- IBC
3 27 3 0.0             /C-11 -- JJ, NN, NTX, PFDUM
3 28 3 0.0             /C-11 -- JJ, NN, NTX, PFDUM
4 25 3 0.0             /C-11 -- JJ, NN, NTX, PFDUM
4 26 3 0.0             /C-11 -- JJ, NN, NTX, PFDUM
5 24 3 0.0             /C-11 -- JJ, NN, NTX, PFDUM
6 22 3 0.0             /C-11 -- JJ, NN, NTX, PFDUM
6 23 3 0.0             /C-11 -- JJ, NN, NTX, PFDUM
7 21 3 0.0             /C-11 -- JJ, NN, NTX, PFDUM
8 19 3 0.0             /C-11 -- JJ, NN, NTX, PFDUM
8 20 3 0.0             /C-11 -- JJ, NN, NTX, PFDUM
9 17 3 0.0             /C-11 -- JJ, NN, NTX, PFDUM
9 18 3 0.0             /C-11 -- JJ, NN, NTX, PFDUM
10 16 3 0.0            /C-11 -- JJ, NN, NTX, PFDUM
11 14 3 0.0            /C-11 -- JJ, NN, NTX, PFDUM
11 15 3 0.0            /C-11 -- JJ, NN, NTX, PFDUM
12 13 3 0.0            /C-11 -- JJ, NN, NTX, PFDUM
13 11 3 0.0            /C-11 -- JJ, NN, NTX, PFDUM
13 12 3 0.0            /C-11 -- JJ, NN, NTX, PFDUM
14 9 3 0.0             /C-11 -- JJ, NN, NTX, PFDUM
14 10 3 0.0            /C-11 -- JJ, NN, NTX, PFDUM
15 8 3 0.0             /C-11 -- JJ, NN, NTX, PFDUM
16 6 3 0.0             /C-11 -- JJ, NN, NTX, PFDUM
16 7 3 0.0             /C-11 -- JJ, NN, NTX, PFDUM
17 4 3 0.0             /C-11 -- JJ, NN, NTX, PFDUM
17 5 3 0.0             /C-11 -- JJ, NN, NTX, PFDUM
18 3 3 0.0             /C-11 -- JJ, NN, NTX, PFDUM
19 2 3 0.0             /C-11 -- JJ, NN, NTX, PFDUM
2 29 2 1.3661836E-4    /C-11 -- JJ, NN, NTX, PFDUM
2 30 2 1.3661836E-4    /C-11 -- JJ, NN, NTX, PFDUM
2 31 2 1.3661836E-4    /C-11 -- JJ, NN, NTX, PFDUM
2 32 2 1.3661836E-4    /C-11 -- JJ, NN, NTX, PFDUM
2 33 2 1.3661836E-4    /C-11 -- JJ, NN, NTX, PFDUM
2 34 2 1.3661836E-4    /C-11 -- JJ, NN, NTX, PFDUM
2 35 2 1.3661836E-4    /C-11 -- JJ, NN, NTX, PFDUM
2 36 2 1.3661836E-4    /C-11 -- JJ, NN, NTX, PFDUM
2 37 2 1.3661836E-4    /C-11 -- JJ, NN, NTX, PFDUM
2 38 2 1.3661836E-4    /C-11 -- JJ, NN, NTX, PFDUM
2 39 2 1.3661836E-4    /C-11 -- JJ, NN, NTX, PFDUM
2 40 2 1.3661836E-4    /C-11 -- JJ, NN, NTX, PFDUM
2 41 2 1.3661836E-4    /C-11 -- JJ, NN, NTX, PFDUM
2 42 2 1.3661836E-4    /C-11 -- JJ, NN, NTX, PFDUM
-999999                /C-19 -- End of data for recharge period 1
-999999 /End of input data file
