Injection of heated water into a water table aquifer 
30.0 0. 0.             /A-2 -- TMAX, STIM, ANG
m   day g   J          /A-3 -- ZUNIT, TUNIT, CUNX, HUNX
92 132                 /A-4 -- NXR, NLY
2 20000                /A-5 -- NRECH, NUMT
T T T F                /A-6 -- RAD, ITSTOP, HEAT, SOLUTE
T T                    /A-10 -- CIS, CIT
F F F T F              /A-12 -- F11P, F7P, F8P, F9P, F6P
F F T T F              /A-13 -- THPT, SPNT, PPNT, HPNT, VPNT
0 1                    /A-14 -- IFAC, FACX. A-15 begins next line: DXR
0.5015432 0.5015432 0.5015432 0.5015432 0.5015432 0.5015432 0.5015432 0.5015432 0.5015432 0.5015432 
0.5015432 0.5015432 0.5015432 0.5015432 0.5015432 0.5015432 0.5015432 0.99854755 0.99854755 0.99854755 
0.99854755 0.99854755 0.99854755 0.99854755 0.99854755 0.99854755 0.99854755 0.99854755 0.99854755 0.99854755 
0.99854755 0.99854755 0.99854755 0.99854755 0.99854755 0.99854755 0.99854755 0.99854755 0.99854755 0.99854755 
0.99854755 0.99854755 0.99854755 0.99854755 0.99854755 0.99854755 0.99854755 0.99854755 0.99854755 0.99854755 
0.99854755 1.7126919 1.8839611 2.0723572 2.279593 2.5075521 2.7583075 3.0341382 3.337552 3.6713073 
4.038438 4.4422817 4.88651 5.3751607 5.912677 6.503945 7.1543393 7.869773 8.656751 9.522426 
10.474668 11.522135 12.674348 13.941783 15.335961 16.869558 18.556513 20.412165 22.45338 24.698719 
27.16859 29.88545 32.873997 36.161396 39.777534 43.755287 48.130817 52.943897 58.23829 64.06212 
70.46833 70.46833
0 1                    /A-17 -- JFAC, FACZ. A-18 begins next line: DELZ
2.0 2.0 2.0 2.0 2.0 2.0 2.0 2.0 2.0 2.0 
2.0 2.0 2.0 1.1080247 0.26080248 0.26080248 0.26080248 0.26080248 0.26080248 0.26080248 
0.26080248 0.26080248 0.26080248 0.26080248 0.26080248 0.26080248 0.26080248 0.26080248 0.26080248 0.26080248 
0.26080248 0.26080248 0.26080248 0.26080248 0.26080248 0.26080248 0.26080248 0.26080248 0.26080248 0.26080248 
0.26080248 0.26080248 0.26080248 0.26080248 0.26080248 0.26080248 0.26080248 0.26080248 0.26080248 0.26080248 
0.26080248 0.26080248 0.26080248 0.26080248 0.26080248 0.26080248 0.26080248 0.26080248 0.26080248 0.26080248 
0.26080248 0.26080248 0.26080248 0.26080248 0.26080248 0.26080248 0.26080248 0.26080248 0.26080248 0.26080248 
0.26080248 0.26080248 0.26080248 0.26080248 0.26080248 0.26080248 0.26080248 0.26080248 0.26080248 0.26080248 
0.26080248 0.26080248 0.26080248 0.26080248 0.26080248 0.26080248 0.26080248 0.26080248 0.26080248 0.26080248 
0.26080248 0.26080248 0.26080248 0.26080248 0.26080248 0.26080248 0.26080248 0.26080248 0.26080248 0.26080248 
0.26080248 0.26080248 0.26080248 0.26080248 0.26080248 0.26080248 0.26080248 0.26080248 0.26080248 0.26080248 
0.26080248 0.26080248 0.26080248 0.26080248 2.039416 2.039416 2.039416 2.039416 2.039416 2.039416 
2.039416 2.039416 2.039416 2.039416 2.039416 2.039416 2.039416 2.039416 2.039416 8.282041 
9.938448 9.938448 /End A-18
-12                     /A-24 -- NMB9
13 14 15 16 17 18 28 29 30 31 32 33     /A-25 -- MB9
1.0E-5 0.7 0.5         /B-1 -- EPS, HMAX, WUS
2.0E-5 0.003           /B-2 -- EPS1, EPS2
2 200                  /B-4 -- MINIT, ITMAX
T                      /B-5 -- PHRD
3 6                    /B-6 -- NTEX, NPROP
1                      /B-7 -- HFT hydraulicFunctionType
1                      /B-8 -- ITEX. B-9 to begin next line: HK
1.0 0.0 0.0 0.0 0.0 0.0 0.0
0.0 0.0 0.0 0.0 0.0 0.0    /B-10 -- HT
2                      /B-8 -- ITEX. B-9 to begin next line: HK
1.0 3.0 0.0 0.25 12.4 0.05 2.28
40.0 40.0 2180000.0 129600.0 155520.0 4180000.0    /B-10 -- HT
3                      /B-8 -- ITEX. B-9 to begin next line: HK
1.0 0.01 0.0 0.35 0.1 0.06 2.0
40.0 40.0 2180000.0 129600.0 155520.0 4180000.0    /B-10 -- HT
0                      /B-12 -- IROW. B-13 begins next line: JTEX
1 1 1 1 1 1 1 1 1 1 1 1 1 1 1 1 1 1 1 1 1 1 1 1 1 1 1 1 1 1 1 1 1 1 1 1 1 1 1 1 1 1 1 1 1 1 1 1 1 1 1 1 1 1 1 1 1 1 1 1 1 1 1 1 1 1 1 1 1 1 1 1 1 1 1 1 1 1 1 1 1 1 1 1 1 1 1 1 1 1 1 1 
1 2 2 2 2 2 2 2 2 2 2 2 2 2 2 2 2 2 2 2 2 2 2 2 2 2 2 2 2 2 2 2 2 2 2 2 2 2 2 2 2 2 2 2 2 2 2 2 2 2 2 2 2 2 2 2 2 2 2 2 2 2 2 2 2 2 2 2 2 2 2 2 2 2 2 2 2 2 2 2 2 2 2 2 2 2 2 2 2 2 2 1
1 2 2 2 2 2 2 2 2 2 2 2 2 2 2 2 2 2 2 2 2 2 2 2 2 2 2 2 2 2 2 2 2 2 2 2 2 2 2 2 2 2 2 2 2 2 2 2 2 2 2 2 2 2 2 2 2 2 2 2 2 2 2 2 2 2 2 2 2 2 2 2 2 2 2 2 2 2 2 2 2 2 2 2 2 2 2 2 2 2 2 1
1 2 2 2 2 2 2 2 2 2 2 2 2 2 2 2 2 2 2 2 2 2 2 2 2 2 2 2 2 2 2 2 2 2 2 2 2 2 2 2 2 2 2 2 2 2 2 2 2 2 2 2 2 2 2 2 2 2 2 2 2 2 2 2 2 2 2 2 2 2 2 2 2 2 2 2 2 2 2 2 2 2 2 2 2 2 2 2 2 2 2 1
1 2 2 2 2 2 2 2 2 2 2 2 2 2 2 2 2 2 2 2 2 2 2 2 2 2 2 2 2 2 2 2 2 2 2 2 2 2 2 2 2 2 2 2 2 2 2 2 2 2 2 2 2 2 2 2 2 2 2 2 2 2 2 2 2 2 2 2 2 2 2 2 2 2 2 2 2 2 2 2 2 2 2 2 2 2 2 2 2 2 2 1
1 2 2 2 2 2 2 2 2 2 2 2 2 2 2 2 2 2 2 2 2 2 2 2 2 2 2 2 2 2 2 2 2 2 2 2 2 2 2 2 2 2 2 2 2 2 2 2 2 2 2 2 2 2 2 2 2 2 2 2 2 2 2 2 2 2 2 2 2 2 2 2 2 2 2 2 2 2 2 2 2 2 2 2 2 2 2 2 2 2 2 1
1 2 2 2 2 2 2 2 2 2 2 2 2 2 2 2 2 2 2 2 2 2 2 2 2 2 2 2 2 2 2 2 2 2 2 2 2 2 2 2 2 2 2 2 2 2 2 2 2 2 2 2 2 2 2 2 2 2 2 2 2 2 2 2 2 2 2 2 2 2 2 2 2 2 2 2 2 2 2 2 2 2 2 2 2 2 2 2 2 2 2 1
1 2 2 2 2 2 2 2 2 2 2 2 2 2 2 2 2 2 2 2 2 2 2 2 2 2 2 2 2 2 2 2 2 2 2 2 2 2 2 2 2 2 2 2 2 2 2 2 2 2 2 2 2 2 2 2 2 2 2 2 2 2 2 2 2 2 2 2 2 2 2 2 2 2 2 2 2 2 2 2 2 2 2 2 2 2 2 2 2 2 2 1
1 2 2 2 2 2 2 2 2 2 2 2 2 2 2 2 2 2 2 2 2 2 2 2 2 2 2 2 2 2 2 2 2 2 2 2 2 2 2 2 2 2 2 2 2 2 2 2 2 2 2 2 2 2 2 2 2 2 2 2 2 2 2 2 2 2 2 2 2 2 2 2 2 2 2 2 2 2 2 2 2 2 2 2 2 2 2 2 2 2 2 1
1 2 2 2 2 2 2 2 2 2 2 2 2 2 2 2 2 2 2 2 2 2 2 2 2 2 2 2 2 2 2 2 2 2 2 2 2 2 2 2 2 2 2 2 2 2 2 2 2 2 2 2 2 2 2 2 2 2 2 2 2 2 2 2 2 2 2 2 2 2 2 2 2 2 2 2 2 2 2 2 2 2 2 2 2 2 2 2 2 2 2 1
1 2 2 2 2 2 2 2 2 2 2 2 2 2 2 2 2 2 2 2 2 2 2 2 2 2 2 2 2 2 2 2 2 2 2 2 2 2 2 2 2 2 2 2 2 2 2 2 2 2 2 2 2 2 2 2 2 2 2 2 2 2 2 2 2 2 2 2 2 2 2 2 2 2 2 2 2 2 2 2 2 2 2 2 2 2 2 2 2 2 2 1
1 2 2 2 2 2 2 2 2 2 2 2 2 2 2 2 2 2 2 2 2 2 2 2 2 2 2 2 2 2 2 2 2 2 2 2 2 2 2 2 2 2 2 2 2 2 2 2 2 2 2 2 2 2 2 2 2 2 2 2 2 2 2 2 2 2 2 2 2 2 2 2 2 2 2 2 2 2 2 2 2 2 2 2 2 2 2 2 2 2 2 1
1 2 2 2 2 2 2 2 2 2 2 2 2 2 2 2 2 2 2 2 2 2 2 2 2 2 2 2 2 2 2 2 2 2 2 2 2 2 2 2 2 2 2 2 2 2 2 2 2 2 2 2 2 2 2 2 2 2 2 2 2 2 2 2 2 2 2 2 2 2 2 2 2 2 2 2 2 2 2 2 2 2 2 2 2 2 2 2 2 2 2 1
1 2 2 2 2 2 2 2 2 2 2 2 2 2 2 2 2 2 2 2 2 2 2 2 2 2 2 2 2 2 2 2 2 2 2 2 2 2 2 2 2 2 2 2 2 2 2 2 2 2 2 2 2 2 2 2 2 2 2 2 2 2 2 2 2 2 2 2 2 2 2 2 2 2 2 2 2 2 2 2 2 2 2 2 2 2 2 2 2 2 2 1
1 2 2 2 2 2 2 2 2 2 2 2 2 2 2 2 2 2 2 2 2 2 2 2 2 2 2 2 2 2 2 2 2 2 2 2 2 2 2 2 2 2 2 2 2 2 2 2 2 2 2 2 2 2 2 2 2 2 2 2 2 2 2 2 2 2 2 2 2 2 2 2 2 2 2 2 2 2 2 2 2 2 2 2 2 2 2 2 2 2 2 1
1 2 2 2 2 2 2 2 2 2 2 2 2 2 2 2 2 2 2 2 2 2 2 2 2 2 2 2 2 2 2 2 2 2 2 2 2 2 2 2 2 2 2 2 2 2 2 2 2 2 2 2 2 2 2 2 2 2 2 2 2 2 2 2 2 2 2 2 2 2 2 2 2 2 2 2 2 2 2 2 2 2 2 2 2 2 2 2 2 2 2 1
1 2 2 2 2 2 2 2 2 2 2 2 2 2 2 2 2 2 2 2 2 2 2 2 2 2 2 2 2 2 2 2 2 2 2 2 2 2 2 2 2 2 2 2 2 2 2 2 2 2 2 2 2 2 2 2 2 2 2 2 2 2 2 2 2 2 2 2 2 2 2 2 2 2 2 2 2 2 2 2 2 2 2 2 2 2 2 2 2 2 2 1
1 2 2 2 2 2 2 2 2 2 2 2 2 2 2 2 2 2 2 2 2 2 2 2 2 2 2 2 2 2 2 2 2 2 2 2 2 2 2 2 2 2 2 2 2 2 2 2 2 2 2 2 2 2 2 2 2 2 2 2 2 2 2 2 2 2 2 2 2 2 2 2 2 2 2 2 2 2 2 2 2 2 2 2 2 2 2 2 2 2 2 1
1 2 2 2 2 2 2 2 2 2 2 2 2 2 2 2 2 2 2 2 2 2 2 2 2 2 2 2 2 2 2 2 2 2 2 2 2 2 2 2 2 2 2 2 2 2 2 2 2 2 2 2 2 2 2 2 2 2 2 2 2 2 2 2 2 2 2 2 2 2 2 2 2 2 2 2 2 2 2 2 2 2 2 2 2 2 2 2 2 2 2 1
1 2 2 2 2 2 2 2 2 2 2 2 2 2 2 2 2 2 2 2 2 2 2 2 2 2 2 2 2 2 2 2 2 2 2 2 2 2 2 2 2 2 2 2 2 2 2 2 2 2 2 2 2 2 2 2 2 2 2 2 2 2 2 2 2 2 2 2 2 2 2 2 2 2 2 2 2 2 2 2 2 2 2 2 2 2 2 2 2 2 2 1
1 2 2 2 2 2 2 2 2 2 2 2 2 2 2 2 2 2 2 2 2 2 2 2 2 2 2 2 2 2 2 2 2 2 2 2 2 2 2 2 2 2 2 2 2 2 2 2 2 2 2 2 2 2 2 2 2 2 2 2 2 2 2 2 2 2 2 2 2 2 2 2 2 2 2 2 2 2 2 2 2 2 2 2 2 2 2 2 2 2 2 1
1 2 2 2 2 2 2 2 2 2 2 2 2 2 2 2 2 2 2 2 2 2 2 2 2 2 2 2 2 2 2 2 2 2 2 2 2 2 2 2 2 2 2 2 2 2 2 2 2 2 2 2 2 2 2 2 2 2 2 2 2 2 2 2 2 2 2 2 2 2 2 2 2 2 2 2 2 2 2 2 2 2 2 2 2 2 2 2 2 2 2 1
1 2 2 2 2 2 2 2 2 2 2 2 2 2 2 2 2 2 2 2 2 2 2 2 2 2 2 2 2 2 2 2 2 2 2 2 2 2 2 2 2 2 2 2 2 2 2 2 2 2 2 2 2 2 2 2 2 2 2 2 2 2 2 2 2 2 2 2 2 2 2 2 2 2 2 2 2 2 2 2 2 2 2 2 2 2 2 2 2 2 2 1
1 2 2 2 2 2 2 2 2 2 2 2 2 2 2 2 2 2 2 2 2 2 2 2 2 2 2 2 2 2 2 2 2 2 2 2 2 2 2 2 2 2 2 2 2 2 2 2 2 2 2 2 2 2 2 2 2 2 2 2 2 2 2 2 2 2 2 2 2 2 2 2 2 2 2 2 2 2 2 2 2 2 2 2 2 2 2 2 2 2 2 1
1 2 2 2 2 2 2 2 2 2 2 2 2 2 2 2 2 2 2 2 2 2 2 2 2 2 2 2 2 2 2 2 2 2 2 2 2 2 2 2 2 2 2 2 2 2 2 2 2 2 2 2 2 2 2 2 2 2 2 2 2 2 2 2 2 2 2 2 2 2 2 2 2 2 2 2 2 2 2 2 2 2 2 2 2 2 2 2 2 2 2 1
1 2 2 2 2 2 2 2 2 2 2 2 2 2 2 2 2 2 2 2 2 2 2 2 2 2 2 2 2 2 2 2 2 2 2 2 2 2 2 2 2 2 2 2 2 2 2 2 2 2 2 2 2 2 2 2 2 2 2 2 2 2 2 2 2 2 2 2 2 2 2 2 2 2 2 2 2 2 2 2 2 2 2 2 2 2 2 2 2 2 2 1
1 2 2 2 2 2 2 2 2 2 2 2 2 2 2 2 2 2 2 2 2 2 2 2 2 2 2 2 2 2 2 2 2 2 2 2 2 2 2 2 2 2 2 2 2 2 2 2 2 2 2 2 2 2 2 2 2 2 2 2 2 2 2 2 2 2 2 2 2 2 2 2 2 2 2 2 2 2 2 2 2 2 2 2 2 2 2 2 2 2 2 1
1 2 2 2 2 2 2 2 2 2 2 2 2 2 2 2 2 2 2 2 2 2 2 2 2 2 2 2 2 2 2 2 2 2 2 2 2 2 2 2 2 2 2 2 2 2 2 2 2 2 2 2 2 2 2 2 2 2 2 2 2 2 2 2 2 2 2 2 2 2 2 2 2 2 2 2 2 2 2 2 2 2 2 2 2 2 2 2 2 2 2 1
1 2 2 2 2 2 2 2 2 2 2 2 2 2 2 2 2 2 2 2 2 2 2 2 2 2 2 2 2 2 2 2 2 2 2 2 2 2 2 2 2 2 2 2 2 2 2 2 2 2 2 2 2 2 2 2 2 2 2 2 2 2 2 2 2 2 2 2 2 2 2 2 2 2 2 2 2 2 2 2 2 2 2 2 2 2 2 2 2 2 2 1
1 2 2 2 2 2 2 2 2 2 2 2 2 2 2 2 2 2 2 2 2 2 2 2 2 2 2 2 2 2 2 2 2 2 2 2 2 2 2 2 2 2 2 2 2 2 2 2 2 2 2 2 2 2 2 2 2 2 2 2 2 2 2 2 2 2 2 2 2 2 2 2 2 2 2 2 2 2 2 2 2 2 2 2 2 2 2 2 2 2 2 1
1 2 2 2 2 2 2 2 2 2 2 2 2 2 2 2 2 2 2 2 2 2 2 2 2 2 2 2 2 2 2 2 2 2 2 2 2 2 2 2 2 2 2 2 2 2 2 2 2 2 2 2 2 2 2 2 2 2 2 2 2 2 2 2 2 2 2 2 2 2 2 2 2 2 2 2 2 2 2 2 2 2 2 2 2 2 2 2 2 2 2 1
1 2 2 2 2 2 2 2 2 2 2 2 2 2 2 2 2 2 2 2 2 2 2 2 2 2 2 2 2 2 2 2 2 2 2 2 2 2 2 2 2 2 2 2 2 2 2 2 2 2 2 2 2 2 2 2 2 2 2 2 2 2 2 2 2 2 2 2 2 2 2 2 2 2 2 2 2 2 2 2 2 2 2 2 2 2 2 2 2 2 2 1
1 2 2 2 2 2 2 2 2 2 2 2 2 2 2 2 2 2 2 2 2 2 2 2 2 2 2 2 2 2 2 2 2 2 2 2 2 2 2 2 2 2 2 2 2 2 2 2 2 2 2 2 2 2 2 2 2 2 2 2 2 2 2 2 2 2 2 2 2 2 2 2 2 2 2 2 2 2 2 2 2 2 2 2 2 2 2 2 2 2 2 1
1 2 2 2 2 2 2 2 2 2 2 2 2 2 2 2 2 2 2 2 2 2 2 2 2 2 2 2 2 2 2 2 2 2 2 2 2 2 2 2 2 2 2 2 2 2 2 2 2 2 2 2 2 2 2 2 2 2 2 2 2 2 2 2 2 2 2 2 2 2 2 2 2 2 2 2 2 2 2 2 2 2 2 2 2 2 2 2 2 2 2 1
1 2 2 2 2 2 2 2 2 2 2 2 2 2 2 2 2 2 2 2 2 2 2 2 2 2 2 2 2 2 2 2 2 2 2 2 2 2 2 2 2 2 2 2 2 2 2 2 2 2 2 2 2 2 2 2 2 2 2 2 2 2 2 2 2 2 2 2 2 2 2 2 2 2 2 2 2 2 2 2 2 2 2 2 2 2 2 2 2 2 2 1
1 2 2 2 2 2 2 2 2 2 2 2 2 2 2 2 2 2 2 2 2 2 2 2 2 2 2 2 2 2 2 2 2 2 2 2 2 2 2 2 2 2 2 2 2 2 2 2 2 2 2 2 2 2 2 2 2 2 2 2 2 2 2 2 2 2 2 2 2 2 2 2 2 2 2 2 2 2 2 2 2 2 2 2 2 2 2 2 2 2 2 1
1 2 2 2 2 2 2 2 2 2 2 2 2 2 2 2 2 2 2 2 2 2 2 2 2 2 2 2 2 2 2 2 2 2 2 2 2 2 2 2 2 2 2 2 2 2 2 2 2 2 2 2 2 2 2 2 2 2 2 2 2 2 2 2 2 2 2 2 2 2 2 2 2 2 2 2 2 2 2 2 2 2 2 2 2 2 2 2 2 2 2 1
1 2 2 2 2 2 2 2 2 2 2 2 2 2 2 2 2 2 2 2 2 2 2 2 2 2 2 2 2 2 2 2 2 2 2 2 2 2 2 2 2 2 2 2 2 2 2 2 2 2 2 2 2 2 2 2 2 2 2 2 2 2 2 2 2 2 2 2 2 2 2 2 2 2 2 2 2 2 2 2 2 2 2 2 2 2 2 2 2 2 2 1
1 2 2 2 2 2 2 2 2 2 2 2 2 2 2 2 2 2 2 2 2 2 2 2 2 2 2 2 2 2 2 2 2 2 2 2 2 2 2 2 2 2 2 2 2 2 2 2 2 2 2 2 2 2 2 2 2 2 2 2 2 2 2 2 2 2 2 2 2 2 2 2 2 2 2 2 2 2 2 2 2 2 2 2 2 2 2 2 2 2 2 1
1 2 2 2 2 2 2 2 2 2 2 2 2 2 2 2 2 2 2 2 2 2 2 2 2 2 2 2 2 2 2 2 2 2 2 2 2 2 2 2 2 2 2 2 2 2 2 2 2 2 2 2 2 2 2 2 2 2 2 2 2 2 2 2 2 2 2 2 2 2 2 2 2 2 2 2 2 2 2 2 2 2 2 2 2 2 2 2 2 2 2 1
1 2 2 2 2 2 2 2 2 2 2 2 2 2 2 2 2 2 2 2 2 2 2 2 2 2 2 2 2 2 2 2 2 2 2 2 2 2 2 2 2 2 2 2 2 2 2 2 2 2 2 2 2 2 2 2 2 2 2 2 2 2 2 2 2 2 2 2 2 2 2 2 2 2 2 2 2 2 2 2 2 2 2 2 2 2 2 2 2 2 2 1
1 2 2 2 2 2 2 2 2 2 2 2 2 2 2 2 2 2 2 2 2 2 2 2 2 2 2 2 2 2 2 2 2 2 2 2 2 2 2 2 2 2 2 2 2 2 2 2 2 2 2 2 2 2 2 2 2 2 2 2 2 2 2 2 2 2 2 2 2 2 2 2 2 2 2 2 2 2 2 2 2 2 2 2 2 2 2 2 2 2 2 1
1 2 2 2 2 2 2 2 2 2 2 2 2 2 2 2 2 2 2 2 2 2 2 2 2 2 2 2 2 2 2 2 2 2 2 2 2 2 2 2 2 2 2 2 2 2 2 2 2 2 2 2 2 2 2 2 2 2 2 2 2 2 2 2 2 2 2 2 2 2 2 2 2 2 2 2 2 2 2 2 2 2 2 2 2 2 2 2 2 2 2 1
1 2 2 2 2 2 2 2 2 2 2 2 2 2 2 2 2 2 2 2 2 2 2 2 2 2 2 2 2 2 2 2 2 2 2 2 2 2 2 2 2 2 2 2 2 2 2 2 2 2 2 2 2 2 2 2 2 2 2 2 2 2 2 2 2 2 2 2 2 2 2 2 2 2 2 2 2 2 2 2 2 2 2 2 2 2 2 2 2 2 2 1
1 2 2 2 2 2 2 2 2 2 2 2 2 2 2 2 2 2 2 2 2 2 2 2 2 2 2 2 2 2 2 2 2 2 2 2 2 2 2 2 2 2 2 2 2 2 2 2 2 2 2 2 2 2 2 2 2 2 2 2 2 2 2 2 2 2 2 2 2 2 2 2 2 2 2 2 2 2 2 2 2 2 2 2 2 2 2 2 2 2 2 1
1 2 2 2 2 2 2 2 2 2 2 2 2 2 2 2 2 2 2 2 2 2 2 2 2 2 2 2 2 2 2 2 2 2 2 2 2 2 2 2 2 2 2 2 2 2 2 2 2 2 2 2 2 2 2 2 2 2 2 2 2 2 2 2 2 2 2 2 2 2 2 2 2 2 2 2 2 2 2 2 2 2 2 2 2 2 2 2 2 2 2 1
1 2 2 2 2 2 2 2 2 2 2 2 2 2 2 2 2 2 2 2 2 2 2 2 2 2 2 2 2 2 2 2 2 2 2 2 2 2 2 2 2 2 2 2 2 2 2 2 2 2 2 2 2 2 2 2 2 2 2 2 2 2 2 2 2 2 2 2 2 2 2 2 2 2 2 2 2 2 2 2 2 2 2 2 2 2 2 2 2 2 2 1
1 2 2 2 2 2 2 2 2 2 2 2 2 2 2 2 2 2 2 2 2 2 2 2 2 2 2 2 2 2 2 2 2 2 2 2 2 2 2 2 2 2 2 2 2 2 2 2 2 2 2 2 2 2 2 2 2 2 2 2 2 2 2 2 2 2 2 2 2 2 2 2 2 2 2 2 2 2 2 2 2 2 2 2 2 2 2 2 2 2 2 1
1 2 2 2 2 2 2 2 2 2 2 2 2 2 2 2 2 2 2 2 2 2 2 2 2 2 2 2 2 2 2 2 2 2 2 2 2 2 2 2 2 2 2 2 2 2 2 2 2 2 2 2 2 2 2 2 2 2 2 2 2 2 2 2 2 2 2 2 2 2 2 2 2 2 2 2 2 2 2 2 2 2 2 2 2 2 2 2 2 2 2 1
1 2 2 2 2 2 2 2 2 2 2 2 2 2 2 2 2 2 2 2 2 2 2 2 2 2 2 2 2 2 2 2 2 2 2 2 2 2 2 2 2 2 2 2 2 2 2 2 2 2 2 2 2 2 2 2 2 2 2 2 2 2 2 2 2 2 2 2 2 2 2 2 2 2 2 2 2 2 2 2 2 2 2 2 2 2 2 2 2 2 2 1
1 2 2 2 2 2 2 2 2 2 2 2 2 2 2 2 2 2 2 2 2 2 2 2 2 2 2 2 2 2 2 2 2 2 2 2 2 2 2 2 2 2 2 2 2 2 2 2 2 2 2 2 2 2 2 2 2 2 2 2 2 2 2 2 2 2 2 2 2 2 2 2 2 2 2 2 2 2 2 2 2 2 2 2 2 2 2 2 2 2 2 1
1 2 2 2 2 2 2 2 2 2 2 2 2 2 2 2 2 2 2 2 2 2 2 2 2 2 2 2 2 2 2 2 2 2 2 2 2 2 2 2 2 2 2 2 2 2 2 2 2 2 2 2 2 2 2 2 2 2 2 2 2 2 2 2 2 2 2 2 2 2 2 2 2 2 2 2 2 2 2 2 2 2 2 2 2 2 2 2 2 2 2 1
1 2 2 2 2 2 2 2 2 2 2 2 2 2 2 2 2 2 2 2 2 2 2 2 2 2 2 2 2 2 2 2 2 2 2 2 2 2 2 2 2 2 2 2 2 2 2 2 2 2 2 2 2 2 2 2 2 2 2 2 2 2 2 2 2 2 2 2 2 2 2 2 2 2 2 2 2 2 2 2 2 2 2 2 2 2 2 2 2 2 2 1
1 2 2 2 2 2 2 2 2 2 2 2 2 2 2 2 2 2 2 2 2 2 2 2 2 2 2 2 2 2 2 2 2 2 2 2 2 2 2 2 2 2 2 2 2 2 2 2 2 2 2 2 2 2 2 2 2 2 2 2 2 2 2 2 2 2 2 2 2 2 2 2 2 2 2 2 2 2 2 2 2 2 2 2 2 2 2 2 2 2 2 1
1 2 2 2 2 2 2 2 2 2 2 2 2 2 2 2 2 2 2 2 2 2 2 2 2 2 2 2 2 2 2 2 2 2 2 2 2 2 2 2 2 2 2 2 2 2 2 2 2 2 2 2 2 2 2 2 2 2 2 2 2 2 2 2 2 2 2 2 2 2 2 2 2 2 2 2 2 2 2 2 2 2 2 2 2 2 2 2 2 2 2 1
1 2 2 2 2 2 2 2 2 2 2 2 2 2 2 2 2 2 2 2 2 2 2 2 2 2 2 2 2 2 2 2 2 2 2 2 2 2 2 2 2 2 2 2 2 2 2 2 2 2 2 2 2 2 2 2 2 2 2 2 2 2 2 2 2 2 2 2 2 2 2 2 2 2 2 2 2 2 2 2 2 2 2 2 2 2 2 2 2 2 2 1
1 2 2 2 2 2 2 2 2 2 2 2 2 2 2 2 2 2 2 2 2 2 2 2 2 2 2 2 2 2 2 2 2 2 2 2 2 2 2 2 2 2 2 2 2 2 2 2 2 2 2 2 2 2 2 2 2 2 2 2 2 2 2 2 2 2 2 2 2 2 2 2 2 2 2 2 2 2 2 2 2 2 2 2 2 2 2 2 2 2 2 1
1 2 2 2 2 2 2 2 2 2 2 2 2 2 2 2 2 2 2 2 2 2 2 2 2 2 2 2 2 2 2 2 2 2 2 2 2 2 2 2 2 2 2 2 2 2 2 2 2 2 2 2 2 2 2 2 2 2 2 2 2 2 2 2 2 2 2 2 2 2 2 2 2 2 2 2 2 2 2 2 2 2 2 2 2 2 2 2 2 2 2 1
1 2 2 2 2 2 2 2 2 2 2 2 2 2 2 2 2 2 2 2 2 2 2 2 2 2 2 2 2 2 2 2 2 2 2 2 2 2 2 2 2 2 2 2 2 2 2 2 2 2 2 2 2 2 2 2 2 2 2 2 2 2 2 2 2 2 2 2 2 2 2 2 2 2 2 2 2 2 2 2 2 2 2 2 2 2 2 2 2 2 2 1
1 2 2 2 2 2 2 2 2 2 2 2 2 2 2 2 2 2 2 2 2 2 2 2 2 2 2 2 2 2 2 2 2 2 2 2 2 2 2 2 2 2 2 2 2 2 2 2 2 2 2 2 2 2 2 2 2 2 2 2 2 2 2 2 2 2 2 2 2 2 2 2 2 2 2 2 2 2 2 2 2 2 2 2 2 2 2 2 2 2 2 1
1 2 2 2 2 2 2 2 2 2 2 2 2 2 2 2 2 2 2 2 2 2 2 2 2 2 2 2 2 2 2 2 2 2 2 2 2 2 2 2 2 2 2 2 2 2 2 2 2 2 2 2 2 2 2 2 2 2 2 2 2 2 2 2 2 2 2 2 2 2 2 2 2 2 2 2 2 2 2 2 2 2 2 2 2 2 2 2 2 2 2 1
1 2 2 2 2 2 2 2 2 2 2 2 2 2 2 2 2 2 2 2 2 2 2 2 2 2 2 2 2 2 2 2 2 2 2 2 2 2 2 2 2 2 2 2 2 2 2 2 2 2 2 2 2 2 2 2 2 2 2 2 2 2 2 2 2 2 2 2 2 2 2 2 2 2 2 2 2 2 2 2 2 2 2 2 2 2 2 2 2 2 2 1
1 2 2 2 2 2 2 2 2 2 2 2 2 2 2 2 2 2 2 2 2 2 2 2 2 2 2 2 2 2 2 2 2 2 2 2 2 2 2 2 2 2 2 2 2 2 2 2 2 2 2 2 2 2 2 2 2 2 2 2 2 2 2 2 2 2 2 2 2 2 2 2 2 2 2 2 2 2 2 2 2 2 2 2 2 2 2 2 2 2 2 1
1 2 2 2 2 2 2 2 2 2 2 2 2 2 2 2 2 2 2 2 2 2 2 2 2 2 2 2 2 2 2 2 2 2 2 2 2 2 2 2 2 2 2 2 2 2 2 2 2 2 2 2 2 2 2 2 2 2 2 2 2 2 2 2 2 2 2 2 2 2 2 2 2 2 2 2 2 2 2 2 2 2 2 2 2 2 2 2 2 2 2 1
1 2 2 2 2 2 2 2 2 2 2 2 2 2 2 2 2 2 2 2 2 2 2 2 2 2 2 2 2 2 2 2 2 2 2 2 2 2 2 2 2 2 2 2 2 2 2 2 2 2 2 2 2 2 2 2 2 2 2 2 2 2 2 2 2 2 2 2 2 2 2 2 2 2 2 2 2 2 2 2 2 2 2 2 2 2 2 2 2 2 2 1
1 2 2 2 2 2 2 2 2 2 2 2 2 2 2 2 2 2 2 2 2 2 2 2 2 2 2 2 2 2 2 2 2 2 2 2 2 2 2 2 2 2 2 2 2 2 2 2 2 2 2 2 2 2 2 2 2 2 2 2 2 2 2 2 2 2 2 2 2 2 2 2 2 2 2 2 2 2 2 2 2 2 2 2 2 2 2 2 2 2 2 1
1 2 2 2 2 2 2 2 2 2 2 2 2 2 2 2 2 2 2 2 2 2 2 2 2 2 2 2 2 2 2 2 2 2 2 2 2 2 2 2 2 2 2 2 2 2 2 2 2 2 2 2 2 2 2 2 2 2 2 2 2 2 2 2 2 2 2 2 2 2 2 2 2 2 2 2 2 2 2 2 2 2 2 2 2 2 2 2 2 2 2 1
1 2 2 2 2 2 2 2 2 2 2 2 2 2 2 2 2 2 2 2 2 2 2 2 2 2 2 2 2 2 2 2 2 2 2 2 2 2 2 2 2 2 2 2 2 2 2 2 2 2 2 2 2 2 2 2 2 2 2 2 2 2 2 2 2 2 2 2 2 2 2 2 2 2 2 2 2 2 2 2 2 2 2 2 2 2 2 2 2 2 2 1
1 2 2 2 2 2 2 2 2 2 2 2 2 2 2 2 2 2 2 2 2 2 2 2 2 2 2 2 2 2 2 2 2 2 2 2 2 2 2 2 2 2 2 2 2 2 2 2 2 2 2 2 2 2 2 2 2 2 2 2 2 2 2 2 2 2 2 2 2 2 2 2 2 2 2 2 2 2 2 2 2 2 2 2 2 2 2 2 2 2 2 1
1 2 2 2 2 2 2 2 2 2 2 2 2 2 2 2 2 2 2 2 2 2 2 2 2 2 2 2 2 2 2 2 2 2 2 2 2 2 2 2 2 2 2 2 2 2 2 2 2 2 2 2 2 2 2 2 2 2 2 2 2 2 2 2 2 2 2 2 2 2 2 2 2 2 2 2 2 2 2 2 2 2 2 2 2 2 2 2 2 2 2 1
1 2 2 2 2 2 2 2 2 2 2 2 2 2 2 2 2 2 2 2 2 2 2 2 2 2 2 2 2 2 2 2 2 2 2 2 2 2 2 2 2 2 2 2 2 2 2 2 2 2 2 2 2 2 2 2 2 2 2 2 2 2 2 2 2 2 2 2 2 2 2 2 2 2 2 2 2 2 2 2 2 2 2 2 2 2 2 2 2 2 2 1
1 2 2 2 2 2 2 2 2 2 2 2 2 2 2 2 2 2 2 2 2 2 2 2 2 2 2 2 2 2 2 2 2 2 2 2 2 2 2 2 2 2 2 2 2 2 2 2 2 2 2 2 2 2 2 2 2 2 2 2 2 2 2 2 2 2 2 2 2 2 2 2 2 2 2 2 2 2 2 2 2 2 2 2 2 2 2 2 2 2 2 1
1 2 2 2 2 2 2 2 2 2 2 2 2 2 2 2 2 2 2 2 2 2 2 2 2 2 2 2 2 2 2 2 2 2 2 2 2 2 2 2 2 2 2 2 2 2 2 2 2 2 2 2 2 2 2 2 2 2 2 2 2 2 2 2 2 2 2 2 2 2 2 2 2 2 2 2 2 2 2 2 2 2 2 2 2 2 2 2 2 2 2 1
1 2 2 2 2 2 2 2 2 2 2 2 2 2 2 2 2 2 2 2 2 2 2 2 2 2 2 2 2 2 2 2 2 2 2 2 2 2 2 2 2 2 2 2 2 2 2 2 2 2 2 2 2 2 2 2 2 2 2 2 2 2 2 2 2 2 2 2 2 2 2 2 2 2 2 2 2 2 2 2 2 2 2 2 2 2 2 2 2 2 2 1
1 2 2 2 2 2 2 2 2 2 2 2 2 2 2 2 2 2 2 2 2 2 2 2 2 2 2 2 2 2 2 2 2 2 2 2 2 2 2 2 2 2 2 2 2 2 2 2 2 2 2 2 2 2 2 2 2 2 2 2 2 2 2 2 2 2 2 2 2 2 2 2 2 2 2 2 2 2 2 2 2 2 2 2 2 2 2 2 2 2 2 1
1 2 2 2 2 2 2 2 2 2 2 2 2 2 2 2 2 2 2 2 2 2 2 2 2 2 2 2 2 2 2 2 2 2 2 2 2 2 2 2 2 2 2 2 2 2 2 2 2 2 2 2 2 2 2 2 2 2 2 2 2 2 2 2 2 2 2 2 2 2 2 2 2 2 2 2 2 2 2 2 2 2 2 2 2 2 2 2 2 2 2 1
1 2 2 2 2 2 2 2 2 2 2 2 2 2 2 2 2 2 2 2 2 2 2 2 2 2 2 2 2 2 2 2 2 2 2 2 2 2 2 2 2 2 2 2 2 2 2 2 2 2 2 2 2 2 2 2 2 2 2 2 2 2 2 2 2 2 2 2 2 2 2 2 2 2 2 2 2 2 2 2 2 2 2 2 2 2 2 2 2 2 2 1
1 2 2 2 2 2 2 2 2 2 2 2 2 2 2 2 2 2 2 2 2 2 2 2 2 2 2 2 2 2 2 2 2 2 2 2 2 2 2 2 2 2 2 2 2 2 2 2 2 2 2 2 2 2 2 2 2 2 2 2 2 2 2 2 2 2 2 2 2 2 2 2 2 2 2 2 2 2 2 2 2 2 2 2 2 2 2 2 2 2 2 1
1 2 2 2 2 2 2 2 2 2 2 2 2 2 2 2 2 2 2 2 2 2 2 2 2 2 2 2 2 2 2 2 2 2 2 2 2 2 2 2 2 2 2 2 2 2 2 2 2 2 2 2 2 2 2 2 2 2 2 2 2 2 2 2 2 2 2 2 2 2 2 2 2 2 2 2 2 2 2 2 2 2 2 2 2 2 2 2 2 2 2 1
1 2 2 2 2 2 2 2 2 2 2 2 2 2 2 2 2 2 2 2 2 2 2 2 2 2 2 2 2 2 2 2 2 2 2 2 2 2 2 2 2 2 2 2 2 2 2 2 2 2 2 2 2 2 2 2 2 2 2 2 2 2 2 2 2 2 2 2 2 2 2 2 2 2 2 2 2 2 2 2 2 2 2 2 2 2 2 2 2 2 2 1
1 2 2 2 2 2 2 2 2 2 2 2 2 2 2 2 2 2 2 2 2 2 2 2 2 2 2 2 2 2 2 2 2 2 2 2 2 2 2 2 2 2 2 2 2 2 2 2 2 2 2 2 2 2 2 2 2 2 2 2 2 2 2 2 2 2 2 2 2 2 2 2 2 2 2 2 2 2 2 2 2 2 2 2 2 2 2 2 2 2 2 1
1 2 2 2 2 2 2 2 2 2 2 2 2 2 2 2 2 2 2 2 2 2 2 2 2 2 2 2 2 2 2 2 2 2 2 2 2 2 2 2 2 2 2 2 2 2 2 2 2 2 2 2 2 2 2 2 2 2 2 2 2 2 2 2 2 2 2 2 2 2 2 2 2 2 2 2 2 2 2 2 2 2 2 2 2 2 2 2 2 2 2 1
1 2 2 2 2 2 2 2 2 2 2 2 2 2 2 2 2 2 2 2 2 2 2 2 2 2 2 2 2 2 2 2 2 2 2 2 2 2 2 2 2 2 2 2 2 2 2 2 2 2 2 2 2 2 2 2 2 2 2 2 2 2 2 2 2 2 2 2 2 2 2 2 2 2 2 2 2 2 2 2 2 2 2 2 2 2 2 2 2 2 2 1
1 2 2 2 2 2 2 2 2 2 2 2 2 2 2 2 2 2 2 2 2 2 2 2 2 2 2 2 2 2 2 2 2 2 2 2 2 2 2 2 2 2 2 2 2 2 2 2 2 2 2 2 2 2 2 2 2 2 2 2 2 2 2 2 2 2 2 2 2 2 2 2 2 2 2 2 2 2 2 2 2 2 2 2 2 2 2 2 2 2 2 1
1 2 2 2 2 2 2 2 2 2 2 2 2 2 2 2 2 2 2 2 2 2 2 2 2 2 2 2 2 2 2 2 2 2 2 2 2 2 2 2 2 2 2 2 2 2 2 2 2 2 2 2 2 2 2 2 2 2 2 2 2 2 2 2 2 2 2 2 2 2 2 2 2 2 2 2 2 2 2 2 2 2 2 2 2 2 2 2 2 2 2 1
1 2 2 2 2 2 2 2 2 2 2 2 2 2 2 2 2 2 2 2 2 2 2 2 2 2 2 2 2 2 2 2 2 2 2 2 2 2 2 2 2 2 2 2 2 2 2 2 2 2 2 2 2 2 2 2 2 2 2 2 2 2 2 2 2 2 2 2 2 2 2 2 2 2 2 2 2 2 2 2 2 2 2 2 2 2 2 2 2 2 2 1
1 2 2 2 2 2 2 2 2 2 2 2 2 2 2 2 2 2 2 2 2 2 2 2 2 2 2 2 2 2 2 2 2 2 2 2 2 2 2 2 2 2 2 2 2 2 2 2 2 2 2 2 2 2 2 2 2 2 2 2 2 2 2 2 2 2 2 2 2 2 2 2 2 2 2 2 2 2 2 2 2 2 2 2 2 2 2 2 2 2 2 1
1 2 2 2 2 2 2 2 2 2 2 2 2 2 2 2 2 2 2 2 2 2 2 2 2 2 2 2 2 2 2 2 2 2 2 2 2 2 2 2 2 2 2 2 2 2 2 2 2 2 2 2 2 2 2 2 2 2 2 2 2 2 2 2 2 2 2 2 2 2 2 2 2 2 2 2 2 2 2 2 2 2 2 2 2 2 2 2 2 2 2 1
1 2 2 2 2 2 2 2 2 2 2 2 2 2 2 2 2 2 2 2 2 2 2 2 2 2 2 2 2 2 2 2 2 2 2 2 2 2 2 2 2 2 2 2 2 2 2 2 2 2 2 2 2 2 2 2 2 2 2 2 2 2 2 2 2 2 2 2 2 2 2 2 2 2 2 2 2 2 2 2 2 2 2 2 2 2 2 2 2 2 2 1
1 2 2 2 2 2 2 2 2 2 2 2 2 2 2 2 2 2 2 2 2 2 2 2 2 2 2 2 2 2 2 2 2 2 2 2 2 2 2 2 2 2 2 2 2 2 2 2 2 2 2 2 2 2 2 2 2 2 2 2 2 2 2 2 2 2 2 2 2 2 2 2 2 2 2 2 2 2 2 2 2 2 2 2 2 2 2 2 2 2 2 1
1 2 2 2 2 2 2 2 2 2 2 2 2 2 2 2 2 2 2 2 2 2 2 2 2 2 2 2 2 2 2 2 2 2 2 2 2 2 2 2 2 2 2 2 2 2 2 2 2 2 2 2 2 2 2 2 2 2 2 2 2 2 2 2 2 2 2 2 2 2 2 2 2 2 2 2 2 2 2 2 2 2 2 2 2 2 2 2 2 2 2 1
1 2 2 2 2 2 2 2 2 2 2 2 2 2 2 2 2 2 2 2 2 2 2 2 2 2 2 2 2 2 2 2 2 2 2 2 2 2 2 2 2 2 2 2 2 2 2 2 2 2 2 2 2 2 2 2 2 2 2 2 2 2 2 2 2 2 2 2 2 2 2 2 2 2 2 2 2 2 2 2 2 2 2 2 2 2 2 2 2 2 2 1
1 2 2 2 2 2 2 2 2 2 2 2 2 2 2 2 2 2 2 2 2 2 2 2 2 2 2 2 2 2 2 2 2 2 2 2 2 2 2 2 2 2 2 2 2 2 2 2 2 2 2 2 2 2 2 2 2 2 2 2 2 2 2 2 2 2 2 2 2 2 2 2 2 2 2 2 2 2 2 2 2 2 2 2 2 2 2 2 2 2 2 1
1 2 2 2 2 2 2 2 2 2 2 2 2 2 2 2 2 2 2 2 2 2 2 2 2 2 2 2 2 2 2 2 2 2 2 2 2 2 2 2 2 2 2 2 2 2 2 2 2 2 2 2 2 2 2 2 2 2 2 2 2 2 2 2 2 2 2 2 2 2 2 2 2 2 2 2 2 2 2 2 2 2 2 2 2 2 2 2 2 2 2 1
1 2 2 2 2 2 2 2 2 2 2 2 2 2 2 2 2 2 2 2 2 2 2 2 2 2 2 2 2 2 2 2 2 2 2 2 2 2 2 2 2 2 2 2 2 2 2 2 2 2 2 2 2 2 2 2 2 2 2 2 2 2 2 2 2 2 2 2 2 2 2 2 2 2 2 2 2 2 2 2 2 2 2 2 2 2 2 2 2 2 2 1
1 2 2 2 2 2 2 2 2 2 2 2 2 2 2 2 2 2 2 2 2 2 2 2 2 2 2 2 2 2 2 2 2 2 2 2 2 2 2 2 2 2 2 2 2 2 2 2 2 2 2 2 2 2 2 2 2 2 2 2 2 2 2 2 2 2 2 2 2 2 2 2 2 2 2 2 2 2 2 2 2 2 2 2 2 2 2 2 2 2 2 1
1 2 2 2 2 2 2 2 2 2 2 2 2 2 2 2 2 2 2 2 2 2 2 2 2 2 2 2 2 2 2 2 2 2 2 2 2 2 2 2 2 2 2 2 2 2 2 2 2 2 2 2 2 2 2 2 2 2 2 2 2 2 2 2 2 2 2 2 2 2 2 2 2 2 2 2 2 2 2 2 2 2 2 2 2 2 2 2 2 2 2 1
1 2 2 2 2 2 2 2 2 2 2 2 2 2 2 2 2 2 2 2 2 2 2 2 2 2 2 2 2 2 2 2 2 2 2 2 2 2 2 2 2 2 2 2 2 2 2 2 2 2 2 2 2 2 2 2 2 2 2 2 2 2 2 2 2 2 2 2 2 2 2 2 2 2 2 2 2 2 2 2 2 2 2 2 2 2 2 2 2 2 2 1
1 2 2 2 2 2 2 2 2 2 2 2 2 2 2 2 2 2 2 2 2 2 2 2 2 2 2 2 2 2 2 2 2 2 2 2 2 2 2 2 2 2 2 2 2 2 2 2 2 2 2 2 2 2 2 2 2 2 2 2 2 2 2 2 2 2 2 2 2 2 2 2 2 2 2 2 2 2 2 2 2 2 2 2 2 2 2 2 2 2 2 1
1 2 2 2 2 2 2 2 2 2 2 2 2 2 2 2 2 2 2 2 2 2 2 2 2 2 2 2 2 2 2 2 2 2 2 2 2 2 2 2 2 2 2 2 2 2 2 2 2 2 2 2 2 2 2 2 2 2 2 2 2 2 2 2 2 2 2 2 2 2 2 2 2 2 2 2 2 2 2 2 2 2 2 2 2 2 2 2 2 2 2 1
1 2 2 2 2 2 2 2 2 2 2 2 2 2 2 2 2 2 2 2 2 2 2 2 2 2 2 2 2 2 2 2 2 2 2 2 2 2 2 2 2 2 2 2 2 2 2 2 2 2 2 2 2 2 2 2 2 2 2 2 2 2 2 2 2 2 2 2 2 2 2 2 2 2 2 2 2 2 2 2 2 2 2 2 2 2 2 2 2 2 2 1
1 2 2 2 2 2 2 2 2 2 2 2 2 2 2 2 2 2 2 2 2 2 2 2 2 2 2 2 2 2 2 2 2 2 2 2 2 2 2 2 2 2 2 2 2 2 2 2 2 2 2 2 2 2 2 2 2 2 2 2 2 2 2 2 2 2 2 2 2 2 2 2 2 2 2 2 2 2 2 2 2 2 2 2 2 2 2 2 2 2 2 1
1 2 2 2 2 2 2 2 2 2 2 2 2 2 2 2 2 2 2 2 2 2 2 2 2 2 2 2 2 2 2 2 2 2 2 2 2 2 2 2 2 2 2 2 2 2 2 2 2 2 2 2 2 2 2 2 2 2 2 2 2 2 2 2 2 2 2 2 2 2 2 2 2 2 2 2 2 2 2 2 2 2 2 2 2 2 2 2 2 2 2 1
1 2 2 2 2 2 2 2 2 2 2 2 2 2 2 2 2 2 2 2 2 2 2 2 2 2 2 2 2 2 2 2 2 2 2 2 2 2 2 2 2 2 2 2 2 2 2 2 2 2 2 2 2 2 2 2 2 2 2 2 2 2 2 2 2 2 2 2 2 2 2 2 2 2 2 2 2 2 2 2 2 2 2 2 2 2 2 2 2 2 2 1
1 2 2 2 2 2 2 2 2 2 2 2 2 2 2 2 2 2 2 2 2 2 2 2 2 2 2 2 2 2 2 2 2 2 2 2 2 2 2 2 2 2 2 2 2 2 2 2 2 2 2 2 2 2 2 2 2 2 2 2 2 2 2 2 2 2 2 2 2 2 2 2 2 2 2 2 2 2 2 2 2 2 2 2 2 2 2 2 2 2 2 1
1 2 2 2 2 2 2 2 2 2 2 2 2 2 2 2 2 2 2 2 2 2 2 2 2 2 2 2 2 2 2 2 2 2 2 2 2 2 2 2 2 2 2 2 2 2 2 2 2 2 2 2 2 2 2 2 2 2 2 2 2 2 2 2 2 2 2 2 2 2 2 2 2 2 2 2 2 2 2 2 2 2 2 2 2 2 2 2 2 2 2 1
1 2 2 2 2 2 2 2 2 2 2 2 2 2 2 2 2 2 2 2 2 2 2 2 2 2 2 2 2 2 2 2 2 2 2 2 2 2 2 2 2 2 2 2 2 2 2 2 2 2 2 2 2 2 2 2 2 2 2 2 2 2 2 2 2 2 2 2 2 2 2 2 2 2 2 2 2 2 2 2 2 2 2 2 2 2 2 2 2 2 2 1
1 2 2 2 2 2 2 2 2 2 2 2 2 2 2 2 2 2 2 2 2 2 2 2 2 2 2 2 2 2 2 2 2 2 2 2 2 2 2 2 2 2 2 2 2 2 2 2 2 2 2 2 2 2 2 2 2 2 2 2 2 2 2 2 2 2 2 2 2 2 2 2 2 2 2 2 2 2 2 2 2 2 2 2 2 2 2 2 2 2 2 1
1 2 2 2 2 2 2 2 2 2 2 2 2 2 2 2 2 2 2 2 2 2 2 2 2 2 2 2 2 2 2 2 2 2 2 2 2 2 2 2 2 2 2 2 2 2 2 2 2 2 2 2 2 2 2 2 2 2 2 2 2 2 2 2 2 2 2 2 2 2 2 2 2 2 2 2 2 2 2 2 2 2 2 2 2 2 2 2 2 2 2 1
1 3 3 3 3 3 3 3 3 3 3 3 3 3 3 3 3 3 3 3 3 3 3 3 3 3 3 3 3 3 3 3 3 3 3 3 3 3 3 3 3 3 3 3 3 3 3 3 3 3 3 3 3 3 3 3 3 3 3 3 3 3 3 3 3 3 3 3 3 3 3 3 3 3 3 3 3 3 3 3 3 3 3 3 3 3 3 3 3 3 3 1
1 3 3 3 3 3 3 3 3 3 3 3 3 3 3 3 3 3 3 3 3 3 3 3 3 3 3 3 3 3 3 3 3 3 3 3 3 3 3 3 3 3 3 3 3 3 3 3 3 3 3 3 3 3 3 3 3 3 3 3 3 3 3 3 3 3 3 3 3 3 3 3 3 3 3 3 3 3 3 3 3 3 3 3 3 3 3 3 3 3 3 1
1 3 3 3 3 3 3 3 3 3 3 3 3 3 3 3 3 3 3 3 3 3 3 3 3 3 3 3 3 3 3 3 3 3 3 3 3 3 3 3 3 3 3 3 3 3 3 3 3 3 3 3 3 3 3 3 3 3 3 3 3 3 3 3 3 3 3 3 3 3 3 3 3 3 3 3 3 3 3 3 3 3 3 3 3 3 3 3 3 3 3 1
1 3 3 3 3 3 3 3 3 3 3 3 3 3 3 3 3 3 3 3 3 3 3 3 3 3 3 3 3 3 3 3 3 3 3 3 3 3 3 3 3 3 3 3 3 3 3 3 3 3 3 3 3 3 3 3 3 3 3 3 3 3 3 3 3 3 3 3 3 3 3 3 3 3 3 3 3 3 3 3 3 3 3 3 3 3 3 3 3 3 3 1
1 3 3 3 3 3 3 3 3 3 3 3 3 3 3 3 3 3 3 3 3 3 3 3 3 3 3 3 3 3 3 3 3 3 3 3 3 3 3 3 3 3 3 3 3 3 3 3 3 3 3 3 3 3 3 3 3 3 3 3 3 3 3 3 3 3 3 3 3 3 3 3 3 3 3 3 3 3 3 3 3 3 3 3 3 3 3 3 3 3 3 1
1 3 3 3 3 3 3 3 3 3 3 3 3 3 3 3 3 3 3 3 3 3 3 3 3 3 3 3 3 3 3 3 3 3 3 3 3 3 3 3 3 3 3 3 3 3 3 3 3 3 3 3 3 3 3 3 3 3 3 3 3 3 3 3 3 3 3 3 3 3 3 3 3 3 3 3 3 3 3 3 3 3 3 3 3 3 3 3 3 3 3 1
1 3 3 3 3 3 3 3 3 3 3 3 3 3 3 3 3 3 3 3 3 3 3 3 3 3 3 3 3 3 3 3 3 3 3 3 3 3 3 3 3 3 3 3 3 3 3 3 3 3 3 3 3 3 3 3 3 3 3 3 3 3 3 3 3 3 3 3 3 3 3 3 3 3 3 3 3 3 3 3 3 3 3 3 3 3 3 3 3 3 3 1
1 3 3 3 3 3 3 3 3 3 3 3 3 3 3 3 3 3 3 3 3 3 3 3 3 3 3 3 3 3 3 3 3 3 3 3 3 3 3 3 3 3 3 3 3 3 3 3 3 3 3 3 3 3 3 3 3 3 3 3 3 3 3 3 3 3 3 3 3 3 3 3 3 3 3 3 3 3 3 3 3 3 3 3 3 3 3 3 3 3 3 1
1 3 3 3 3 3 3 3 3 3 3 3 3 3 3 3 3 3 3 3 3 3 3 3 3 3 3 3 3 3 3 3 3 3 3 3 3 3 3 3 3 3 3 3 3 3 3 3 3 3 3 3 3 3 3 3 3 3 3 3 3 3 3 3 3 3 3 3 3 3 3 3 3 3 3 3 3 3 3 3 3 3 3 3 3 3 3 3 3 3 3 1
1 3 3 3 3 3 3 3 3 3 3 3 3 3 3 3 3 3 3 3 3 3 3 3 3 3 3 3 3 3 3 3 3 3 3 3 3 3 3 3 3 3 3 3 3 3 3 3 3 3 3 3 3 3 3 3 3 3 3 3 3 3 3 3 3 3 3 3 3 3 3 3 3 3 3 3 3 3 3 3 3 3 3 3 3 3 3 3 3 3 3 1
1 3 3 3 3 3 3 3 3 3 3 3 3 3 3 3 3 3 3 3 3 3 3 3 3 3 3 3 3 3 3 3 3 3 3 3 3 3 3 3 3 3 3 3 3 3 3 3 3 3 3 3 3 3 3 3 3 3 3 3 3 3 3 3 3 3 3 3 3 3 3 3 3 3 3 3 3 3 3 3 3 3 3 3 3 3 3 3 3 3 3 1
1 3 3 3 3 3 3 3 3 3 3 3 3 3 3 3 3 3 3 3 3 3 3 3 3 3 3 3 3 3 3 3 3 3 3 3 3 3 3 3 3 3 3 3 3 3 3 3 3 3 3 3 3 3 3 3 3 3 3 3 3 3 3 3 3 3 3 3 3 3 3 3 3 3 3 3 3 3 3 3 3 3 3 3 3 3 3 3 3 3 3 1
1 3 3 3 3 3 3 3 3 3 3 3 3 3 3 3 3 3 3 3 3 3 3 3 3 3 3 3 3 3 3 3 3 3 3 3 3 3 3 3 3 3 3 3 3 3 3 3 3 3 3 3 3 3 3 3 3 3 3 3 3 3 3 3 3 3 3 3 3 3 3 3 3 3 3 3 3 3 3 3 3 3 3 3 3 3 3 3 3 3 3 1
1 3 3 3 3 3 3 3 3 3 3 3 3 3 3 3 3 3 3 3 3 3 3 3 3 3 3 3 3 3 3 3 3 3 3 3 3 3 3 3 3 3 3 3 3 3 3 3 3 3 3 3 3 3 3 3 3 3 3 3 3 3 3 3 3 3 3 3 3 3 3 3 3 3 3 3 3 3 3 3 3 3 3 3 3 3 3 3 3 3 3 1
1 3 3 3 3 3 3 3 3 3 3 3 3 3 3 3 3 3 3 3 3 3 3 3 3 3 3 3 3 3 3 3 3 3 3 3 3 3 3 3 3 3 3 3 3 3 3 3 3 3 3 3 3 3 3 3 3 3 3 3 3 3 3 3 3 3 3 3 3 3 3 3 3 3 3 3 3 3 3 3 3 3 3 3 3 3 3 3 3 3 3 1
1 3 3 3 3 3 3 3 3 3 3 3 3 3 3 3 3 3 3 3 3 3 3 3 3 3 3 3 3 3 3 3 3 3 3 3 3 3 3 3 3 3 3 3 3 3 3 3 3 3 3 3 3 3 3 3 3 3 3 3 3 3 3 3 3 3 3 3 3 3 3 3 3 3 3 3 3 3 3 3 3 3 3 3 3 3 3 3 3 3 3 1
1 3 3 3 3 3 3 3 3 3 3 3 3 3 3 3 3 3 3 3 3 3 3 3 3 3 3 3 3 3 3 3 3 3 3 3 3 3 3 3 3 3 3 3 3 3 3 3 3 3 3 3 3 3 3 3 3 3 3 3 3 3 3 3 3 3 3 3 3 3 3 3 3 3 3 3 3 3 3 3 3 3 3 3 3 3 3 3 3 3 3 1
1 3 3 3 3 3 3 3 3 3 3 3 3 3 3 3 3 3 3 3 3 3 3 3 3 3 3 3 3 3 3 3 3 3 3 3 3 3 3 3 3 3 3 3 3 3 3 3 3 3 3 3 3 3 3 3 3 3 3 3 3 3 3 3 3 3 3 3 3 3 3 3 3 3 3 3 3 3 3 3 3 3 3 3 3 3 3 3 3 3 3 1
1 3 3 3 3 3 3 3 3 3 3 3 3 3 3 3 3 3 3 3 3 3 3 3 3 3 3 3 3 3 3 3 3 3 3 3 3 3 3 3 3 3 3 3 3 3 3 3 3 3 3 3 3 3 3 3 3 3 3 3 3 3 3 3 3 3 3 3 3 3 3 3 3 3 3 3 3 3 3 3 3 3 3 3 3 3 3 3 3 3 3 1
1 3 3 3 3 3 3 3 3 3 3 3 3 3 3 3 3 3 3 3 3 3 3 3 3 3 3 3 3 3 3 3 3 3 3 3 3 3 3 3 3 3 3 3 3 3 3 3 3 3 3 3 3 3 3 3 3 3 3 3 3 3 3 3 3 3 3 3 3 3 3 3 3 3 3 3 3 3 3 3 3 3 3 3 3 3 3 3 3 3 3 1
1 3 3 3 3 3 3 3 3 3 3 3 3 3 3 3 3 3 3 3 3 3 3 3 3 3 3 3 3 3 3 3 3 3 3 3 3 3 3 3 3 3 3 3 3 3 3 3 3 3 3 3 3 3 3 3 3 3 3 3 3 3 3 3 3 3 3 3 3 3 3 3 3 3 3 3 3 3 3 3 3 3 3 3 3 3 3 3 3 3 3 1
1 3 3 3 3 3 3 3 3 3 3 3 3 3 3 3 3 3 3 3 3 3 3 3 3 3 3 3 3 3 3 3 3 3 3 3 3 3 3 3 3 3 3 3 3 3 3 3 3 3 3 3 3 3 3 3 3 3 3 3 3 3 3 3 3 3 3 3 3 3 3 3 3 3 3 3 3 3 3 3 3 3 3 3 3 3 3 3 3 3 3 1
1 1 1 1 1 1 1 1 1 1 1 1 1 1 1 1 1 1 1 1 1 1 1 1 1 1 1 1 1 1 1 1 1 1 1 1 1 1 1 1 1 1 1 1 1 1 1 1 1 1 1 1 1 1 1 1 1 1 1 1 1 1 1 1 1 1 1 1 1 1 1 1 1 1 1 1 1 1 1 1 1 1 1 1 1 1 1 1 1 1 1 1 /End B-13
2 1.0                  /B-15 -- IREAD, FACTOR
40.0 -5.0              /B-16 -- DWTX, HMIN
F F                    /B-18 -- BCIT, ETSIM
0 10.0                 /B-28 -- IREAD, FACTOR
5.0 0.001              /C-1 -- TPER, DELT (Recharge Period 1)
1.2 1.0 1.0E-5 0.1     /C-2 -- TMLT, DLTMX, DLTMIN, TRED
10.0 0.0               /C-3 -- DSMAX, STERR
0.0                    /C-4 -- POND
F                      /C-5 -- PRNT
F F T                  /C-6 -- BCIT, ETSIM, SEEP
1                      /C-7 -- NFCS
69 0                   /C-8 -- JJ, JLAST. C-9 begins next line: J, N
71 91
70 91
69 91
68 91
67 91
66 91
65 91
64 91
63 91
62 91
61 91
60 91
59 91
58 91
57 91
56 91
55 91
54 91
53 91
52 91
51 91
50 91
49 91
48 91
47 91
46 91
45 91
44 91
43 91
42 91
41 91
40 91
39 91
38 91
37 91
36 91
35 91
34 91
33 91
32 91
31 91
30 91
29 91
28 91
27 91
26 91
25 91
24 91
23 91
22 91
21 91
20 91
19 91
18 91
17 91
16 91
15 91
14 91
13 91
12 91
11 91
10 91
9 91
8 91
7 91
6 91
5 91
4 91
3 91
0                      /C-10 -- IBC
2 2 0 0.0              /C-11 -- JJ, NN, NTX, PFDUM
1 10.0                 /C-12 -- NTT, TF
2 3 0 0.0              /C-11 -- JJ, NN, NTX, PFDUM
1 10.0                 /C-12 -- NTT, TF
2 4 0 0.0              /C-11 -- JJ, NN, NTX, PFDUM
1 10.0                 /C-12 -- NTT, TF
2 5 0 0.0              /C-11 -- JJ, NN, NTX, PFDUM
1 10.0                 /C-12 -- NTT, TF
2 6 0 0.0              /C-11 -- JJ, NN, NTX, PFDUM
1 10.0                 /C-12 -- NTT, TF
2 7 0 0.0              /C-11 -- JJ, NN, NTX, PFDUM
1 10.0                 /C-12 -- NTT, TF
2 8 0 0.0              /C-11 -- JJ, NN, NTX, PFDUM
1 10.0                 /C-12 -- NTT, TF
2 9 0 0.0              /C-11 -- JJ, NN, NTX, PFDUM
1 10.0                 /C-12 -- NTT, TF
2 10 0 0.0             /C-11 -- JJ, NN, NTX, PFDUM
1 10.0                 /C-12 -- NTT, TF
2 11 0 0.0             /C-11 -- JJ, NN, NTX, PFDUM
1 10.0                 /C-12 -- NTT, TF
2 12 0 0.0             /C-11 -- JJ, NN, NTX, PFDUM
1 10.0                 /C-12 -- NTT, TF
2 13 0 0.0             /C-11 -- JJ, NN, NTX, PFDUM
1 10.0                 /C-12 -- NTT, TF
2 14 0 0.0             /C-11 -- JJ, NN, NTX, PFDUM
1 10.0                 /C-12 -- NTT, TF
2 15 0 0.0             /C-11 -- JJ, NN, NTX, PFDUM
1 10.0                 /C-12 -- NTT, TF
2 16 0 0.0             /C-11 -- JJ, NN, NTX, PFDUM
1 10.0                 /C-12 -- NTT, TF
2 17 0 0.0             /C-11 -- JJ, NN, NTX, PFDUM
1 10.0                 /C-12 -- NTT, TF
2 18 0 0.0             /C-11 -- JJ, NN, NTX, PFDUM
1 10.0                 /C-12 -- NTT, TF
2 19 0 0.0             /C-11 -- JJ, NN, NTX, PFDUM
1 10.0                 /C-12 -- NTT, TF
2 20 0 0.0             /C-11 -- JJ, NN, NTX, PFDUM
1 10.0                 /C-12 -- NTT, TF
2 21 0 0.0             /C-11 -- JJ, NN, NTX, PFDUM
1 10.0                 /C-12 -- NTT, TF
2 22 0 0.0             /C-11 -- JJ, NN, NTX, PFDUM
1 10.0                 /C-12 -- NTT, TF
2 23 0 0.0             /C-11 -- JJ, NN, NTX, PFDUM
1 10.0                 /C-12 -- NTT, TF
2 24 0 0.0             /C-11 -- JJ, NN, NTX, PFDUM
1 10.0                 /C-12 -- NTT, TF
2 25 0 0.0             /C-11 -- JJ, NN, NTX, PFDUM
1 10.0                 /C-12 -- NTT, TF
2 26 0 0.0             /C-11 -- JJ, NN, NTX, PFDUM
1 10.0                 /C-12 -- NTT, TF
2 27 0 0.0             /C-11 -- JJ, NN, NTX, PFDUM
1 10.0                 /C-12 -- NTT, TF
2 28 0 0.0             /C-11 -- JJ, NN, NTX, PFDUM
1 10.0                 /C-12 -- NTT, TF
2 29 0 0.0             /C-11 -- JJ, NN, NTX, PFDUM
1 10.0                 /C-12 -- NTT, TF
2 30 0 0.0             /C-11 -- JJ, NN, NTX, PFDUM
1 10.0                 /C-12 -- NTT, TF
2 31 0 0.0             /C-11 -- JJ, NN, NTX, PFDUM
1 10.0                 /C-12 -- NTT, TF
2 32 0 0.0             /C-11 -- JJ, NN, NTX, PFDUM
1 10.0                 /C-12 -- NTT, TF
2 33 0 0.0             /C-11 -- JJ, NN, NTX, PFDUM
1 10.0                 /C-12 -- NTT, TF
2 34 0 0.0             /C-11 -- JJ, NN, NTX, PFDUM
1 10.0                 /C-12 -- NTT, TF
2 35 0 0.0             /C-11 -- JJ, NN, NTX, PFDUM
1 10.0                 /C-12 -- NTT, TF
2 36 0 0.0             /C-11 -- JJ, NN, NTX, PFDUM
1 10.0                 /C-12 -- NTT, TF
2 37 0 0.0             /C-11 -- JJ, NN, NTX, PFDUM
1 10.0                 /C-12 -- NTT, TF
2 38 0 0.0             /C-11 -- JJ, NN, NTX, PFDUM
1 10.0                 /C-12 -- NTT, TF
2 39 0 0.0             /C-11 -- JJ, NN, NTX, PFDUM
1 10.0                 /C-12 -- NTT, TF
2 40 0 0.0             /C-11 -- JJ, NN, NTX, PFDUM
1 10.0                 /C-12 -- NTT, TF
2 41 0 0.0             /C-11 -- JJ, NN, NTX, PFDUM
1 10.0                 /C-12 -- NTT, TF
2 42 0 0.0             /C-11 -- JJ, NN, NTX, PFDUM
1 10.0                 /C-12 -- NTT, TF
2 43 0 0.0             /C-11 -- JJ, NN, NTX, PFDUM
1 10.0                 /C-12 -- NTT, TF
2 44 0 0.0             /C-11 -- JJ, NN, NTX, PFDUM
1 10.0                 /C-12 -- NTT, TF
2 45 0 0.0             /C-11 -- JJ, NN, NTX, PFDUM
1 10.0                 /C-12 -- NTT, TF
2 46 0 0.0             /C-11 -- JJ, NN, NTX, PFDUM
1 10.0                 /C-12 -- NTT, TF
2 47 0 0.0             /C-11 -- JJ, NN, NTX, PFDUM
1 10.0                 /C-12 -- NTT, TF
2 48 0 0.0             /C-11 -- JJ, NN, NTX, PFDUM
1 10.0                 /C-12 -- NTT, TF
2 49 0 0.0             /C-11 -- JJ, NN, NTX, PFDUM
1 10.0                 /C-12 -- NTT, TF
2 50 0 0.0             /C-11 -- JJ, NN, NTX, PFDUM
1 10.0                 /C-12 -- NTT, TF
2 51 0 0.0             /C-11 -- JJ, NN, NTX, PFDUM
1 10.0                 /C-12 -- NTT, TF
2 52 0 0.0             /C-11 -- JJ, NN, NTX, PFDUM
1 10.0                 /C-12 -- NTT, TF
2 53 0 0.0             /C-11 -- JJ, NN, NTX, PFDUM
1 10.0                 /C-12 -- NTT, TF
2 54 0 0.0             /C-11 -- JJ, NN, NTX, PFDUM
1 10.0                 /C-12 -- NTT, TF
2 55 0 0.0             /C-11 -- JJ, NN, NTX, PFDUM
1 10.0                 /C-12 -- NTT, TF
2 56 0 0.0             /C-11 -- JJ, NN, NTX, PFDUM
1 10.0                 /C-12 -- NTT, TF
2 57 0 0.0             /C-11 -- JJ, NN, NTX, PFDUM
1 10.0                 /C-12 -- NTT, TF
2 58 0 0.0             /C-11 -- JJ, NN, NTX, PFDUM
1 10.0                 /C-12 -- NTT, TF
2 59 0 0.0             /C-11 -- JJ, NN, NTX, PFDUM
1 10.0                 /C-12 -- NTT, TF
2 60 0 0.0             /C-11 -- JJ, NN, NTX, PFDUM
1 10.0                 /C-12 -- NTT, TF
2 61 0 0.0             /C-11 -- JJ, NN, NTX, PFDUM
1 10.0                 /C-12 -- NTT, TF
2 62 0 0.0             /C-11 -- JJ, NN, NTX, PFDUM
1 10.0                 /C-12 -- NTT, TF
2 63 0 0.0             /C-11 -- JJ, NN, NTX, PFDUM
1 10.0                 /C-12 -- NTT, TF
2 64 0 0.0             /C-11 -- JJ, NN, NTX, PFDUM
1 10.0                 /C-12 -- NTT, TF
2 65 0 0.0             /C-11 -- JJ, NN, NTX, PFDUM
1 10.0                 /C-12 -- NTT, TF
2 66 0 0.0             /C-11 -- JJ, NN, NTX, PFDUM
1 10.0                 /C-12 -- NTT, TF
2 67 0 0.0             /C-11 -- JJ, NN, NTX, PFDUM
1 10.0                 /C-12 -- NTT, TF
2 68 0 0.0             /C-11 -- JJ, NN, NTX, PFDUM
1 10.0                 /C-12 -- NTT, TF
2 69 0 0.0             /C-11 -- JJ, NN, NTX, PFDUM
1 10.0                 /C-12 -- NTT, TF
2 70 0 0.0             /C-11 -- JJ, NN, NTX, PFDUM
1 10.0                 /C-12 -- NTT, TF
2 71 0 0.0             /C-11 -- JJ, NN, NTX, PFDUM
1 10.0                 /C-12 -- NTT, TF
2 72 0 0.0             /C-11 -- JJ, NN, NTX, PFDUM
1 10.0                 /C-12 -- NTT, TF
2 73 0 0.0             /C-11 -- JJ, NN, NTX, PFDUM
1 10.0                 /C-12 -- NTT, TF
2 74 0 0.0             /C-11 -- JJ, NN, NTX, PFDUM
1 10.0                 /C-12 -- NTT, TF
2 75 0 0.0             /C-11 -- JJ, NN, NTX, PFDUM
1 10.0                 /C-12 -- NTT, TF
2 76 0 0.0             /C-11 -- JJ, NN, NTX, PFDUM
1 10.0                 /C-12 -- NTT, TF
2 77 0 0.0             /C-11 -- JJ, NN, NTX, PFDUM
1 10.0                 /C-12 -- NTT, TF
2 78 0 0.0             /C-11 -- JJ, NN, NTX, PFDUM
1 10.0                 /C-12 -- NTT, TF
2 79 0 0.0             /C-11 -- JJ, NN, NTX, PFDUM
1 10.0                 /C-12 -- NTT, TF
2 80 0 0.0             /C-11 -- JJ, NN, NTX, PFDUM
1 10.0                 /C-12 -- NTT, TF
2 81 0 0.0             /C-11 -- JJ, NN, NTX, PFDUM
1 10.0                 /C-12 -- NTT, TF
2 82 0 0.0             /C-11 -- JJ, NN, NTX, PFDUM
1 10.0                 /C-12 -- NTT, TF
2 83 0 0.0             /C-11 -- JJ, NN, NTX, PFDUM
1 10.0                 /C-12 -- NTT, TF
2 84 0 0.0             /C-11 -- JJ, NN, NTX, PFDUM
1 10.0                 /C-12 -- NTT, TF
2 85 0 0.0             /C-11 -- JJ, NN, NTX, PFDUM
1 10.0                 /C-12 -- NTT, TF
2 86 0 0.0             /C-11 -- JJ, NN, NTX, PFDUM
1 10.0                 /C-12 -- NTT, TF
2 87 0 0.0             /C-11 -- JJ, NN, NTX, PFDUM
1 10.0                 /C-12 -- NTT, TF
2 88 0 0.0             /C-11 -- JJ, NN, NTX, PFDUM
1 10.0                 /C-12 -- NTT, TF
2 89 0 0.0             /C-11 -- JJ, NN, NTX, PFDUM
1 10.0                 /C-12 -- NTT, TF
2 90 0 0.0             /C-11 -- JJ, NN, NTX, PFDUM
1 10.0                 /C-12 -- NTT, TF
2 91 0 0.0             /C-11 -- JJ, NN, NTX, PFDUM
1 10.0                 /C-12 -- NTT, TF
3 91 3 0.0             /C-11 -- JJ, NN, NTX, PFDUM
0 0.0                  /C-12 -- NTT, TF
4 91 3 0.0             /C-11 -- JJ, NN, NTX, PFDUM
0 0.0                  /C-12 -- NTT, TF
5 91 3 0.0             /C-11 -- JJ, NN, NTX, PFDUM
0 0.0                  /C-12 -- NTT, TF
6 91 3 0.0             /C-11 -- JJ, NN, NTX, PFDUM
0 0.0                  /C-12 -- NTT, TF
7 91 3 0.0             /C-11 -- JJ, NN, NTX, PFDUM
0 0.0                  /C-12 -- NTT, TF
8 91 3 0.0             /C-11 -- JJ, NN, NTX, PFDUM
0 0.0                  /C-12 -- NTT, TF
9 91 3 0.0             /C-11 -- JJ, NN, NTX, PFDUM
0 0.0                  /C-12 -- NTT, TF
10 91 3 0.0            /C-11 -- JJ, NN, NTX, PFDUM
0 0.0                  /C-12 -- NTT, TF
11 91 3 0.0            /C-11 -- JJ, NN, NTX, PFDUM
0 0.0                  /C-12 -- NTT, TF
12 91 3 0.0            /C-11 -- JJ, NN, NTX, PFDUM
0 0.0                  /C-12 -- NTT, TF
13 91 3 0.0            /C-11 -- JJ, NN, NTX, PFDUM
0 0.0                  /C-12 -- NTT, TF
14 91 3 0.0            /C-11 -- JJ, NN, NTX, PFDUM
0 0.0                  /C-12 -- NTT, TF
15 91 3 0.0            /C-11 -- JJ, NN, NTX, PFDUM
0 0.0                  /C-12 -- NTT, TF
16 91 3 0.0            /C-11 -- JJ, NN, NTX, PFDUM
0 0.0                  /C-12 -- NTT, TF
17 91 3 0.0            /C-11 -- JJ, NN, NTX, PFDUM
0 0.0                  /C-12 -- NTT, TF
18 91 3 0.0            /C-11 -- JJ, NN, NTX, PFDUM
0 0.0                  /C-12 -- NTT, TF
19 91 3 0.0            /C-11 -- JJ, NN, NTX, PFDUM
0 0.0                  /C-12 -- NTT, TF
20 91 3 0.0            /C-11 -- JJ, NN, NTX, PFDUM
0 0.0                  /C-12 -- NTT, TF
21 91 3 0.0            /C-11 -- JJ, NN, NTX, PFDUM
0 0.0                  /C-12 -- NTT, TF
22 91 3 0.0            /C-11 -- JJ, NN, NTX, PFDUM
0 0.0                  /C-12 -- NTT, TF
23 91 3 0.0            /C-11 -- JJ, NN, NTX, PFDUM
0 0.0                  /C-12 -- NTT, TF
24 91 3 0.0            /C-11 -- JJ, NN, NTX, PFDUM
0 0.0                  /C-12 -- NTT, TF
25 91 3 0.0            /C-11 -- JJ, NN, NTX, PFDUM
0 0.0                  /C-12 -- NTT, TF
26 91 3 0.0            /C-11 -- JJ, NN, NTX, PFDUM
0 0.0                  /C-12 -- NTT, TF
27 91 3 0.0            /C-11 -- JJ, NN, NTX, PFDUM
0 0.0                  /C-12 -- NTT, TF
28 91 3 0.0            /C-11 -- JJ, NN, NTX, PFDUM
0 0.0                  /C-12 -- NTT, TF
29 91 3 0.0            /C-11 -- JJ, NN, NTX, PFDUM
0 0.0                  /C-12 -- NTT, TF
30 91 3 0.0            /C-11 -- JJ, NN, NTX, PFDUM
0 0.0                  /C-12 -- NTT, TF
31 91 3 0.0            /C-11 -- JJ, NN, NTX, PFDUM
0 0.0                  /C-12 -- NTT, TF
32 91 3 0.0            /C-11 -- JJ, NN, NTX, PFDUM
0 0.0                  /C-12 -- NTT, TF
33 91 3 0.0            /C-11 -- JJ, NN, NTX, PFDUM
0 0.0                  /C-12 -- NTT, TF
34 91 3 0.0            /C-11 -- JJ, NN, NTX, PFDUM
0 0.0                  /C-12 -- NTT, TF
35 91 3 0.0            /C-11 -- JJ, NN, NTX, PFDUM
0 0.0                  /C-12 -- NTT, TF
36 91 3 0.0            /C-11 -- JJ, NN, NTX, PFDUM
0 0.0                  /C-12 -- NTT, TF
37 91 3 0.0            /C-11 -- JJ, NN, NTX, PFDUM
0 0.0                  /C-12 -- NTT, TF
38 91 3 0.0            /C-11 -- JJ, NN, NTX, PFDUM
0 0.0                  /C-12 -- NTT, TF
39 91 3 0.0            /C-11 -- JJ, NN, NTX, PFDUM
0 0.0                  /C-12 -- NTT, TF
40 91 3 0.0            /C-11 -- JJ, NN, NTX, PFDUM
0 0.0                  /C-12 -- NTT, TF
41 91 3 0.0            /C-11 -- JJ, NN, NTX, PFDUM
0 0.0                  /C-12 -- NTT, TF
42 91 3 0.0            /C-11 -- JJ, NN, NTX, PFDUM
0 0.0                  /C-12 -- NTT, TF
43 91 3 0.0            /C-11 -- JJ, NN, NTX, PFDUM
0 0.0                  /C-12 -- NTT, TF
44 91 3 0.0            /C-11 -- JJ, NN, NTX, PFDUM
0 0.0                  /C-12 -- NTT, TF
45 91 3 0.0            /C-11 -- JJ, NN, NTX, PFDUM
0 0.0                  /C-12 -- NTT, TF
46 91 3 0.0            /C-11 -- JJ, NN, NTX, PFDUM
0 0.0                  /C-12 -- NTT, TF
47 91 3 0.0            /C-11 -- JJ, NN, NTX, PFDUM
0 0.0                  /C-12 -- NTT, TF
48 91 3 0.0            /C-11 -- JJ, NN, NTX, PFDUM
0 0.0                  /C-12 -- NTT, TF
49 91 3 0.0            /C-11 -- JJ, NN, NTX, PFDUM
0 0.0                  /C-12 -- NTT, TF
50 91 3 0.0            /C-11 -- JJ, NN, NTX, PFDUM
0 0.0                  /C-12 -- NTT, TF
51 91 3 0.0            /C-11 -- JJ, NN, NTX, PFDUM
0 0.0                  /C-12 -- NTT, TF
52 91 3 0.0            /C-11 -- JJ, NN, NTX, PFDUM
0 0.0                  /C-12 -- NTT, TF
53 91 3 0.0            /C-11 -- JJ, NN, NTX, PFDUM
0 0.0                  /C-12 -- NTT, TF
54 91 3 0.0            /C-11 -- JJ, NN, NTX, PFDUM
0 0.0                  /C-12 -- NTT, TF
55 91 3 0.0            /C-11 -- JJ, NN, NTX, PFDUM
0 0.0                  /C-12 -- NTT, TF
56 91 3 0.0            /C-11 -- JJ, NN, NTX, PFDUM
0 0.0                  /C-12 -- NTT, TF
57 91 3 0.0            /C-11 -- JJ, NN, NTX, PFDUM
0 0.0                  /C-12 -- NTT, TF
58 91 3 0.0            /C-11 -- JJ, NN, NTX, PFDUM
0 0.0                  /C-12 -- NTT, TF
59 91 3 0.0            /C-11 -- JJ, NN, NTX, PFDUM
0 0.0                  /C-12 -- NTT, TF
60 91 3 0.0            /C-11 -- JJ, NN, NTX, PFDUM
0 0.0                  /C-12 -- NTT, TF
61 91 3 0.0            /C-11 -- JJ, NN, NTX, PFDUM
0 0.0                  /C-12 -- NTT, TF
62 91 3 0.0            /C-11 -- JJ, NN, NTX, PFDUM
0 0.0                  /C-12 -- NTT, TF
63 91 3 0.0            /C-11 -- JJ, NN, NTX, PFDUM
0 0.0                  /C-12 -- NTT, TF
64 91 3 0.0            /C-11 -- JJ, NN, NTX, PFDUM
0 0.0                  /C-12 -- NTT, TF
65 91 3 0.0            /C-11 -- JJ, NN, NTX, PFDUM
0 0.0                  /C-12 -- NTT, TF
66 91 3 0.0            /C-11 -- JJ, NN, NTX, PFDUM
0 0.0                  /C-12 -- NTT, TF
67 91 3 0.0            /C-11 -- JJ, NN, NTX, PFDUM
0 0.0                  /C-12 -- NTT, TF
68 91 3 0.0            /C-11 -- JJ, NN, NTX, PFDUM
0 0.0                  /C-12 -- NTT, TF
69 91 3 0.0            /C-11 -- JJ, NN, NTX, PFDUM
0 0.0                  /C-12 -- NTT, TF
70 91 3 0.0            /C-11 -- JJ, NN, NTX, PFDUM
0 0.0                  /C-12 -- NTT, TF
71 91 3 0.0            /C-11 -- JJ, NN, NTX, PFDUM
0 0.0                  /C-12 -- NTT, TF
72 91 4 -40.0          /C-11 -- JJ, NN, NTX, PFDUM
0 10.0                 /C-12 -- NTT, TF
73 91 4 -40.0          /C-11 -- JJ, NN, NTX, PFDUM
0 10.0                 /C-12 -- NTT, TF
74 91 4 -40.0          /C-11 -- JJ, NN, NTX, PFDUM
0 10.0                 /C-12 -- NTT, TF
75 91 4 -40.0          /C-11 -- JJ, NN, NTX, PFDUM
0 10.0                 /C-12 -- NTT, TF
76 91 4 -40.0          /C-11 -- JJ, NN, NTX, PFDUM
0 10.0                 /C-12 -- NTT, TF
77 91 4 -40.0          /C-11 -- JJ, NN, NTX, PFDUM
0 10.0                 /C-12 -- NTT, TF
78 91 4 -40.0          /C-11 -- JJ, NN, NTX, PFDUM
0 10.0                 /C-12 -- NTT, TF
79 91 4 -40.0          /C-11 -- JJ, NN, NTX, PFDUM
0 10.0                 /C-12 -- NTT, TF
80 91 4 -40.0          /C-11 -- JJ, NN, NTX, PFDUM
0 10.0                 /C-12 -- NTT, TF
81 91 4 -40.0          /C-11 -- JJ, NN, NTX, PFDUM
0 10.0                 /C-12 -- NTT, TF
82 91 4 -40.0          /C-11 -- JJ, NN, NTX, PFDUM
0 10.0                 /C-12 -- NTT, TF
83 91 4 -40.0          /C-11 -- JJ, NN, NTX, PFDUM
0 10.0                 /C-12 -- NTT, TF
84 91 4 -40.0          /C-11 -- JJ, NN, NTX, PFDUM
0 10.0                 /C-12 -- NTT, TF
85 91 4 -40.0          /C-11 -- JJ, NN, NTX, PFDUM
0 10.0                 /C-12 -- NTT, TF
86 91 4 -40.0          /C-11 -- JJ, NN, NTX, PFDUM
0 10.0                 /C-12 -- NTT, TF
87 91 4 -40.0          /C-11 -- JJ, NN, NTX, PFDUM
0 10.0                 /C-12 -- NTT, TF
88 91 4 -40.0          /C-11 -- JJ, NN, NTX, PFDUM
0 10.0                 /C-12 -- NTT, TF
89 91 4 -40.0          /C-11 -- JJ, NN, NTX, PFDUM
0 10.0                 /C-12 -- NTT, TF
90 91 4 -40.0          /C-11 -- JJ, NN, NTX, PFDUM
0 10.0                 /C-12 -- NTT, TF
91 91 4 -40.0          /C-11 -- JJ, NN, NTX, PFDUM
0 10.0                 /C-12 -- NTT, TF
92 91 4 -40.0          /C-11 -- JJ, NN, NTX, PFDUM
0 10.0                 /C-12 -- NTT, TF
93 91 4 -40.0          /C-11 -- JJ, NN, NTX, PFDUM
0 10.0                 /C-12 -- NTT, TF
94 91 4 -40.0          /C-11 -- JJ, NN, NTX, PFDUM
0 10.0                 /C-12 -- NTT, TF
95 91 4 -40.0          /C-11 -- JJ, NN, NTX, PFDUM
0 10.0                 /C-12 -- NTT, TF
96 91 4 -40.0          /C-11 -- JJ, NN, NTX, PFDUM
0 10.0                 /C-12 -- NTT, TF
97 91 4 -40.0          /C-11 -- JJ, NN, NTX, PFDUM
0 10.0                 /C-12 -- NTT, TF
98 91 4 -40.0          /C-11 -- JJ, NN, NTX, PFDUM
0 10.0                 /C-12 -- NTT, TF
99 91 4 -40.0          /C-11 -- JJ, NN, NTX, PFDUM
0 10.0                 /C-12 -- NTT, TF
100 91 4 -40.0         /C-11 -- JJ, NN, NTX, PFDUM
0 10.0                 /C-12 -- NTT, TF
101 91 4 -40.0         /C-11 -- JJ, NN, NTX, PFDUM
0 10.0                 /C-12 -- NTT, TF
102 91 4 -40.0         /C-11 -- JJ, NN, NTX, PFDUM
0 10.0                 /C-12 -- NTT, TF
103 91 4 -40.0         /C-11 -- JJ, NN, NTX, PFDUM
0 10.0                 /C-12 -- NTT, TF
104 91 4 -40.0         /C-11 -- JJ, NN, NTX, PFDUM
0 10.0                 /C-12 -- NTT, TF
105 91 4 -40.0         /C-11 -- JJ, NN, NTX, PFDUM
0 10.0                 /C-12 -- NTT, TF
106 91 4 -40.0         /C-11 -- JJ, NN, NTX, PFDUM
0 10.0                 /C-12 -- NTT, TF
107 91 4 -40.0         /C-11 -- JJ, NN, NTX, PFDUM
0 10.0                 /C-12 -- NTT, TF
108 91 4 -40.0         /C-11 -- JJ, NN, NTX, PFDUM
0 10.0                 /C-12 -- NTT, TF
109 91 4 -40.0         /C-11 -- JJ, NN, NTX, PFDUM
0 10.0                 /C-12 -- NTT, TF
110 91 4 -40.0         /C-11 -- JJ, NN, NTX, PFDUM
0 10.0                 /C-12 -- NTT, TF
111 91 4 -40.0         /C-11 -- JJ, NN, NTX, PFDUM
0 10.0                 /C-12 -- NTT, TF
112 91 4 -40.0         /C-11 -- JJ, NN, NTX, PFDUM
0 10.0                 /C-12 -- NTT, TF
113 91 4 -40.0         /C-11 -- JJ, NN, NTX, PFDUM
0 10.0                 /C-12 -- NTT, TF
114 91 4 -40.0         /C-11 -- JJ, NN, NTX, PFDUM
0 10.0                 /C-12 -- NTT, TF
115 91 4 -40.0         /C-11 -- JJ, NN, NTX, PFDUM
0 10.0                 /C-12 -- NTT, TF
116 91 4 -40.0         /C-11 -- JJ, NN, NTX, PFDUM
0 10.0                 /C-12 -- NTT, TF
117 91 4 -40.0         /C-11 -- JJ, NN, NTX, PFDUM
0 10.0                 /C-12 -- NTT, TF
118 91 4 -40.0         /C-11 -- JJ, NN, NTX, PFDUM
0 10.0                 /C-12 -- NTT, TF
119 91 4 -40.0         /C-11 -- JJ, NN, NTX, PFDUM
0 10.0                 /C-12 -- NTT, TF
120 91 4 -40.0         /C-11 -- JJ, NN, NTX, PFDUM
0 10.0                 /C-12 -- NTT, TF
121 91 4 -40.0         /C-11 -- JJ, NN, NTX, PFDUM
0 10.0                 /C-12 -- NTT, TF
122 91 4 -40.0         /C-11 -- JJ, NN, NTX, PFDUM
0 10.0                 /C-12 -- NTT, TF
123 91 4 -40.0         /C-11 -- JJ, NN, NTX, PFDUM
0 10.0                 /C-12 -- NTT, TF
124 91 4 -40.0         /C-11 -- JJ, NN, NTX, PFDUM
0 10.0                 /C-12 -- NTT, TF
125 91 4 -40.0         /C-11 -- JJ, NN, NTX, PFDUM
0 10.0                 /C-12 -- NTT, TF
126 91 4 -40.0         /C-11 -- JJ, NN, NTX, PFDUM
0 10.0                 /C-12 -- NTT, TF
127 91 4 -40.0         /C-11 -- JJ, NN, NTX, PFDUM
0 10.0                 /C-12 -- NTT, TF
128 91 4 -40.0         /C-11 -- JJ, NN, NTX, PFDUM
0 10.0                 /C-12 -- NTT, TF
129 91 4 -40.0         /C-11 -- JJ, NN, NTX, PFDUM
0 10.0                 /C-12 -- NTT, TF
130 91 4 -40.0         /C-11 -- JJ, NN, NTX, PFDUM
0 10.0                 /C-12 -- NTT, TF
131 2 0 0.0            /C-11 -- JJ, NN, NTX, PFDUM
1 10.0                 /C-12 -- NTT, TF
131 3 0 0.0            /C-11 -- JJ, NN, NTX, PFDUM
1 10.0                 /C-12 -- NTT, TF
131 4 0 0.0            /C-11 -- JJ, NN, NTX, PFDUM
1 10.0                 /C-12 -- NTT, TF
131 5 0 0.0            /C-11 -- JJ, NN, NTX, PFDUM
1 10.0                 /C-12 -- NTT, TF
131 6 0 0.0            /C-11 -- JJ, NN, NTX, PFDUM
1 10.0                 /C-12 -- NTT, TF
131 7 0 0.0            /C-11 -- JJ, NN, NTX, PFDUM
1 10.0                 /C-12 -- NTT, TF
131 8 0 0.0            /C-11 -- JJ, NN, NTX, PFDUM
1 10.0                 /C-12 -- NTT, TF
131 9 0 0.0            /C-11 -- JJ, NN, NTX, PFDUM
1 10.0                 /C-12 -- NTT, TF
131 10 0 0.0           /C-11 -- JJ, NN, NTX, PFDUM
1 10.0                 /C-12 -- NTT, TF
131 11 0 0.0           /C-11 -- JJ, NN, NTX, PFDUM
1 10.0                 /C-12 -- NTT, TF
131 12 0 0.0           /C-11 -- JJ, NN, NTX, PFDUM
1 10.0                 /C-12 -- NTT, TF
131 13 0 0.0           /C-11 -- JJ, NN, NTX, PFDUM
1 10.0                 /C-12 -- NTT, TF
131 14 0 0.0           /C-11 -- JJ, NN, NTX, PFDUM
1 10.0                 /C-12 -- NTT, TF
131 15 0 0.0           /C-11 -- JJ, NN, NTX, PFDUM
1 10.0                 /C-12 -- NTT, TF
131 16 0 0.0           /C-11 -- JJ, NN, NTX, PFDUM
1 10.0                 /C-12 -- NTT, TF
131 17 0 0.0           /C-11 -- JJ, NN, NTX, PFDUM
1 10.0                 /C-12 -- NTT, TF
131 18 0 0.0           /C-11 -- JJ, NN, NTX, PFDUM
1 10.0                 /C-12 -- NTT, TF
131 19 0 0.0           /C-11 -- JJ, NN, NTX, PFDUM
1 10.0                 /C-12 -- NTT, TF
131 20 0 0.0           /C-11 -- JJ, NN, NTX, PFDUM
1 10.0                 /C-12 -- NTT, TF
131 21 0 0.0           /C-11 -- JJ, NN, NTX, PFDUM
1 10.0                 /C-12 -- NTT, TF
131 22 0 0.0           /C-11 -- JJ, NN, NTX, PFDUM
1 10.0                 /C-12 -- NTT, TF
131 23 0 0.0           /C-11 -- JJ, NN, NTX, PFDUM
1 10.0                 /C-12 -- NTT, TF
131 24 0 0.0           /C-11 -- JJ, NN, NTX, PFDUM
1 10.0                 /C-12 -- NTT, TF
131 25 0 0.0           /C-11 -- JJ, NN, NTX, PFDUM
1 10.0                 /C-12 -- NTT, TF
131 26 0 0.0           /C-11 -- JJ, NN, NTX, PFDUM
1 10.0                 /C-12 -- NTT, TF
131 27 0 0.0           /C-11 -- JJ, NN, NTX, PFDUM
1 10.0                 /C-12 -- NTT, TF
131 28 0 0.0           /C-11 -- JJ, NN, NTX, PFDUM
1 10.0                 /C-12 -- NTT, TF
131 29 0 0.0           /C-11 -- JJ, NN, NTX, PFDUM
1 10.0                 /C-12 -- NTT, TF
131 30 0 0.0           /C-11 -- JJ, NN, NTX, PFDUM
1 10.0                 /C-12 -- NTT, TF
131 31 0 0.0           /C-11 -- JJ, NN, NTX, PFDUM
1 10.0                 /C-12 -- NTT, TF
131 32 0 0.0           /C-11 -- JJ, NN, NTX, PFDUM
1 10.0                 /C-12 -- NTT, TF
131 33 0 0.0           /C-11 -- JJ, NN, NTX, PFDUM
1 10.0                 /C-12 -- NTT, TF
131 34 0 0.0           /C-11 -- JJ, NN, NTX, PFDUM
1 10.0                 /C-12 -- NTT, TF
131 35 0 0.0           /C-11 -- JJ, NN, NTX, PFDUM
1 10.0                 /C-12 -- NTT, TF
131 36 0 0.0           /C-11 -- JJ, NN, NTX, PFDUM
1 10.0                 /C-12 -- NTT, TF
131 37 0 0.0           /C-11 -- JJ, NN, NTX, PFDUM
1 10.0                 /C-12 -- NTT, TF
131 38 0 0.0           /C-11 -- JJ, NN, NTX, PFDUM
1 10.0                 /C-12 -- NTT, TF
131 39 0 0.0           /C-11 -- JJ, NN, NTX, PFDUM
1 10.0                 /C-12 -- NTT, TF
131 40 0 0.0           /C-11 -- JJ, NN, NTX, PFDUM
1 10.0                 /C-12 -- NTT, TF
131 41 0 0.0           /C-11 -- JJ, NN, NTX, PFDUM
1 10.0                 /C-12 -- NTT, TF
131 42 0 0.0           /C-11 -- JJ, NN, NTX, PFDUM
1 10.0                 /C-12 -- NTT, TF
131 43 0 0.0           /C-11 -- JJ, NN, NTX, PFDUM
1 10.0                 /C-12 -- NTT, TF
131 44 0 0.0           /C-11 -- JJ, NN, NTX, PFDUM
1 10.0                 /C-12 -- NTT, TF
131 45 0 0.0           /C-11 -- JJ, NN, NTX, PFDUM
1 10.0                 /C-12 -- NTT, TF
131 46 0 0.0           /C-11 -- JJ, NN, NTX, PFDUM
1 10.0                 /C-12 -- NTT, TF
131 47 0 0.0           /C-11 -- JJ, NN, NTX, PFDUM
1 10.0                 /C-12 -- NTT, TF
131 48 0 0.0           /C-11 -- JJ, NN, NTX, PFDUM
1 10.0                 /C-12 -- NTT, TF
131 49 0 0.0           /C-11 -- JJ, NN, NTX, PFDUM
1 10.0                 /C-12 -- NTT, TF
131 50 0 0.0           /C-11 -- JJ, NN, NTX, PFDUM
1 10.0                 /C-12 -- NTT, TF
131 51 0 0.0           /C-11 -- JJ, NN, NTX, PFDUM
1 10.0                 /C-12 -- NTT, TF
131 52 0 0.0           /C-11 -- JJ, NN, NTX, PFDUM
1 10.0                 /C-12 -- NTT, TF
131 53 0 0.0           /C-11 -- JJ, NN, NTX, PFDUM
1 10.0                 /C-12 -- NTT, TF
131 54 0 0.0           /C-11 -- JJ, NN, NTX, PFDUM
1 10.0                 /C-12 -- NTT, TF
131 55 0 0.0           /C-11 -- JJ, NN, NTX, PFDUM
1 10.0                 /C-12 -- NTT, TF
131 56 0 0.0           /C-11 -- JJ, NN, NTX, PFDUM
1 10.0                 /C-12 -- NTT, TF
131 57 0 0.0           /C-11 -- JJ, NN, NTX, PFDUM
1 10.0                 /C-12 -- NTT, TF
131 58 0 0.0           /C-11 -- JJ, NN, NTX, PFDUM
1 10.0                 /C-12 -- NTT, TF
131 59 0 0.0           /C-11 -- JJ, NN, NTX, PFDUM
1 10.0                 /C-12 -- NTT, TF
131 60 0 0.0           /C-11 -- JJ, NN, NTX, PFDUM
1 10.0                 /C-12 -- NTT, TF
131 61 0 0.0           /C-11 -- JJ, NN, NTX, PFDUM
1 10.0                 /C-12 -- NTT, TF
131 62 0 0.0           /C-11 -- JJ, NN, NTX, PFDUM
1 10.0                 /C-12 -- NTT, TF
131 63 0 0.0           /C-11 -- JJ, NN, NTX, PFDUM
1 10.0                 /C-12 -- NTT, TF
131 64 0 0.0           /C-11 -- JJ, NN, NTX, PFDUM
1 10.0                 /C-12 -- NTT, TF
131 65 0 0.0           /C-11 -- JJ, NN, NTX, PFDUM
1 10.0                 /C-12 -- NTT, TF
131 66 0 0.0           /C-11 -- JJ, NN, NTX, PFDUM
1 10.0                 /C-12 -- NTT, TF
131 67 0 0.0           /C-11 -- JJ, NN, NTX, PFDUM
1 10.0                 /C-12 -- NTT, TF
131 68 0 0.0           /C-11 -- JJ, NN, NTX, PFDUM
1 10.0                 /C-12 -- NTT, TF
131 69 0 0.0           /C-11 -- JJ, NN, NTX, PFDUM
1 10.0                 /C-12 -- NTT, TF
131 70 0 0.0           /C-11 -- JJ, NN, NTX, PFDUM
1 10.0                 /C-12 -- NTT, TF
131 71 0 0.0           /C-11 -- JJ, NN, NTX, PFDUM
1 10.0                 /C-12 -- NTT, TF
131 72 0 0.0           /C-11 -- JJ, NN, NTX, PFDUM
1 10.0                 /C-12 -- NTT, TF
131 73 0 0.0           /C-11 -- JJ, NN, NTX, PFDUM
1 10.0                 /C-12 -- NTT, TF
131 74 0 0.0           /C-11 -- JJ, NN, NTX, PFDUM
1 10.0                 /C-12 -- NTT, TF
131 75 0 0.0           /C-11 -- JJ, NN, NTX, PFDUM
1 10.0                 /C-12 -- NTT, TF
131 76 0 0.0           /C-11 -- JJ, NN, NTX, PFDUM
1 10.0                 /C-12 -- NTT, TF
131 77 0 0.0           /C-11 -- JJ, NN, NTX, PFDUM
1 10.0                 /C-12 -- NTT, TF
131 78 0 0.0           /C-11 -- JJ, NN, NTX, PFDUM
1 10.0                 /C-12 -- NTT, TF
131 79 0 0.0           /C-11 -- JJ, NN, NTX, PFDUM
1 10.0                 /C-12 -- NTT, TF
131 80 0 0.0           /C-11 -- JJ, NN, NTX, PFDUM
1 10.0                 /C-12 -- NTT, TF
131 81 0 0.0           /C-11 -- JJ, NN, NTX, PFDUM
1 10.0                 /C-12 -- NTT, TF
131 82 0 0.0           /C-11 -- JJ, NN, NTX, PFDUM
1 10.0                 /C-12 -- NTT, TF
131 83 0 0.0           /C-11 -- JJ, NN, NTX, PFDUM
1 10.0                 /C-12 -- NTT, TF
131 84 0 0.0           /C-11 -- JJ, NN, NTX, PFDUM
1 10.0                 /C-12 -- NTT, TF
131 85 0 0.0           /C-11 -- JJ, NN, NTX, PFDUM
1 10.0                 /C-12 -- NTT, TF
131 86 0 0.0           /C-11 -- JJ, NN, NTX, PFDUM
1 10.0                 /C-12 -- NTT, TF
131 87 0 0.0           /C-11 -- JJ, NN, NTX, PFDUM
1 10.0                 /C-12 -- NTT, TF
131 88 0 0.0           /C-11 -- JJ, NN, NTX, PFDUM
1 10.0                 /C-12 -- NTT, TF
131 89 0 0.0           /C-11 -- JJ, NN, NTX, PFDUM
1 10.0                 /C-12 -- NTT, TF
131 90 0 0.0           /C-11 -- JJ, NN, NTX, PFDUM
1 10.0                 /C-12 -- NTT, TF
131 91 0 0.0           /C-11 -- JJ, NN, NTX, PFDUM
1 10.0                 /C-12 -- NTT, TF
72 2 6 21.052631       /C-11 -- JJ, NN, NTX, PFDUM
0 40.0                 /C-12 -- NTT, TF
73 2 6 21.052631       /C-11 -- JJ, NN, NTX, PFDUM
0 40.0                 /C-12 -- NTT, TF
74 2 6 21.052631       /C-11 -- JJ, NN, NTX, PFDUM
0 40.0                 /C-12 -- NTT, TF
75 2 6 21.052631       /C-11 -- JJ, NN, NTX, PFDUM
0 40.0                 /C-12 -- NTT, TF
76 2 6 21.052631       /C-11 -- JJ, NN, NTX, PFDUM
0 40.0                 /C-12 -- NTT, TF
77 2 6 21.052631       /C-11 -- JJ, NN, NTX, PFDUM
0 40.0                 /C-12 -- NTT, TF
78 2 6 21.052631       /C-11 -- JJ, NN, NTX, PFDUM
0 40.0                 /C-12 -- NTT, TF
79 2 6 21.052631       /C-11 -- JJ, NN, NTX, PFDUM
0 40.0                 /C-12 -- NTT, TF
80 2 6 21.052631       /C-11 -- JJ, NN, NTX, PFDUM
0 40.0                 /C-12 -- NTT, TF
81 2 6 21.052631       /C-11 -- JJ, NN, NTX, PFDUM
0 40.0                 /C-12 -- NTT, TF
82 2 6 21.052631       /C-11 -- JJ, NN, NTX, PFDUM
0 40.0                 /C-12 -- NTT, TF
83 2 6 21.052631       /C-11 -- JJ, NN, NTX, PFDUM
0 40.0                 /C-12 -- NTT, TF
84 2 6 21.052631       /C-11 -- JJ, NN, NTX, PFDUM
0 40.0                 /C-12 -- NTT, TF
85 2 6 21.052631       /C-11 -- JJ, NN, NTX, PFDUM
0 40.0                 /C-12 -- NTT, TF
86 2 6 21.052631       /C-11 -- JJ, NN, NTX, PFDUM
0 40.0                 /C-12 -- NTT, TF
87 2 6 21.052631       /C-11 -- JJ, NN, NTX, PFDUM
0 40.0                 /C-12 -- NTT, TF
88 2 6 21.052631       /C-11 -- JJ, NN, NTX, PFDUM
0 40.0                 /C-12 -- NTT, TF
89 2 6 21.052631       /C-11 -- JJ, NN, NTX, PFDUM
0 40.0                 /C-12 -- NTT, TF
90 2 6 21.052631       /C-11 -- JJ, NN, NTX, PFDUM
0 40.0                 /C-12 -- NTT, TF
91 2 6 21.052631       /C-11 -- JJ, NN, NTX, PFDUM
0 40.0                 /C-12 -- NTT, TF
92 2 6 21.052631       /C-11 -- JJ, NN, NTX, PFDUM
0 40.0                 /C-12 -- NTT, TF
93 2 6 21.052631       /C-11 -- JJ, NN, NTX, PFDUM
0 40.0                 /C-12 -- NTT, TF
94 2 6 21.052631       /C-11 -- JJ, NN, NTX, PFDUM
0 40.0                 /C-12 -- NTT, TF
95 2 6 21.052631       /C-11 -- JJ, NN, NTX, PFDUM
0 40.0                 /C-12 -- NTT, TF
96 2 6 21.052631       /C-11 -- JJ, NN, NTX, PFDUM
0 40.0                 /C-12 -- NTT, TF
97 2 6 21.052631       /C-11 -- JJ, NN, NTX, PFDUM
0 40.0                 /C-12 -- NTT, TF
98 2 6 21.052631       /C-11 -- JJ, NN, NTX, PFDUM
0 40.0                 /C-12 -- NTT, TF
99 2 6 21.052631       /C-11 -- JJ, NN, NTX, PFDUM
0 40.0                 /C-12 -- NTT, TF
100 2 6 21.052631      /C-11 -- JJ, NN, NTX, PFDUM
0 40.0                 /C-12 -- NTT, TF
101 2 6 21.052631      /C-11 -- JJ, NN, NTX, PFDUM
0 40.0                 /C-12 -- NTT, TF
102 2 6 21.052631      /C-11 -- JJ, NN, NTX, PFDUM
0 40.0                 /C-12 -- NTT, TF
103 2 6 21.052631      /C-11 -- JJ, NN, NTX, PFDUM
0 40.0                 /C-12 -- NTT, TF
104 2 6 21.052631      /C-11 -- JJ, NN, NTX, PFDUM
0 40.0                 /C-12 -- NTT, TF
105 2 6 21.052631      /C-11 -- JJ, NN, NTX, PFDUM
0 40.0                 /C-12 -- NTT, TF
106 2 6 21.052631      /C-11 -- JJ, NN, NTX, PFDUM
0 40.0                 /C-12 -- NTT, TF
107 2 6 21.052631      /C-11 -- JJ, NN, NTX, PFDUM
0 40.0                 /C-12 -- NTT, TF
108 2 6 21.052631      /C-11 -- JJ, NN, NTX, PFDUM
0 40.0                 /C-12 -- NTT, TF
109 2 6 21.052631      /C-11 -- JJ, NN, NTX, PFDUM
0 40.0                 /C-12 -- NTT, TF
-999999                /C-19 -- End of data for recharge period 1
25.0 1.0E-4            /C-1 -- TPER, DELT (Recharge Period 2)
1.2 1.0 1.0E-7 0.1     /C-2 -- TMLT, DLTMX, DLTMIN, TRED
10.0 0.0               /C-3 -- DSMAX, STERR
0.0                    /C-4 -- POND
F                      /C-5 -- PRNT
F F T                  /C-6 -- BCIT, ETSIM, SEEP
1                      /C-7 -- NFCS
69 0                   /C-8 -- JJ, JLAST. C-9 begins next line: J, N
71 91
70 91
69 91
68 91
67 91
66 91
65 91
64 91
63 91
62 91
61 91
60 91
59 91
58 91
57 91
56 91
55 91
54 91
53 91
52 91
51 91
50 91
49 91
48 91
47 91
46 91
45 91
44 91
43 91
42 91
41 91
40 91
39 91
38 91
37 91
36 91
35 91
34 91
33 91
32 91
31 91
30 91
29 91
28 91
27 91
26 91
25 91
24 91
23 91
22 91
21 91
20 91
19 91
18 91
17 91
16 91
15 91
14 91
13 91
12 91
11 91
10 91
9 91
8 91
7 91
6 91
5 91
4 91
3 91
0                      /C-10 -- IBC
72 2 0 0.0             /C-11 -- JJ, NN, NTX, PFDUM
0 0.0                  /C-12 -- NTT, TF
73 2 0 0.0             /C-11 -- JJ, NN, NTX, PFDUM
0 0.0                  /C-12 -- NTT, TF
74 2 0 0.0             /C-11 -- JJ, NN, NTX, PFDUM
0 0.0                  /C-12 -- NTT, TF
75 2 0 0.0             /C-11 -- JJ, NN, NTX, PFDUM
0 0.0                  /C-12 -- NTT, TF
76 2 0 0.0             /C-11 -- JJ, NN, NTX, PFDUM
0 0.0                  /C-12 -- NTT, TF
77 2 0 0.0             /C-11 -- JJ, NN, NTX, PFDUM
0 0.0                  /C-12 -- NTT, TF
78 2 0 0.0             /C-11 -- JJ, NN, NTX, PFDUM
0 0.0                  /C-12 -- NTT, TF
79 2 0 0.0             /C-11 -- JJ, NN, NTX, PFDUM
0 0.0                  /C-12 -- NTT, TF
80 2 0 0.0             /C-11 -- JJ, NN, NTX, PFDUM
0 0.0                  /C-12 -- NTT, TF
81 2 0 0.0             /C-11 -- JJ, NN, NTX, PFDUM
0 0.0                  /C-12 -- NTT, TF
82 2 0 0.0             /C-11 -- JJ, NN, NTX, PFDUM
0 0.0                  /C-12 -- NTT, TF
83 2 0 0.0             /C-11 -- JJ, NN, NTX, PFDUM
0 0.0                  /C-12 -- NTT, TF
84 2 0 0.0             /C-11 -- JJ, NN, NTX, PFDUM
0 0.0                  /C-12 -- NTT, TF
85 2 0 0.0             /C-11 -- JJ, NN, NTX, PFDUM
0 0.0                  /C-12 -- NTT, TF
86 2 0 0.0             /C-11 -- JJ, NN, NTX, PFDUM
0 0.0                  /C-12 -- NTT, TF
87 2 0 0.0             /C-11 -- JJ, NN, NTX, PFDUM
0 0.0                  /C-12 -- NTT, TF
88 2 0 0.0             /C-11 -- JJ, NN, NTX, PFDUM
0 0.0                  /C-12 -- NTT, TF
89 2 0 0.0             /C-11 -- JJ, NN, NTX, PFDUM
0 0.0                  /C-12 -- NTT, TF
90 2 0 0.0             /C-11 -- JJ, NN, NTX, PFDUM
0 0.0                  /C-12 -- NTT, TF
91 2 0 0.0             /C-11 -- JJ, NN, NTX, PFDUM
0 0.0                  /C-12 -- NTT, TF
92 2 0 0.0             /C-11 -- JJ, NN, NTX, PFDUM
0 0.0                  /C-12 -- NTT, TF
93 2 0 0.0             /C-11 -- JJ, NN, NTX, PFDUM
0 0.0                  /C-12 -- NTT, TF
94 2 0 0.0             /C-11 -- JJ, NN, NTX, PFDUM
0 0.0                  /C-12 -- NTT, TF
95 2 0 0.0             /C-11 -- JJ, NN, NTX, PFDUM
0 0.0                  /C-12 -- NTT, TF
96 2 0 0.0             /C-11 -- JJ, NN, NTX, PFDUM
0 0.0                  /C-12 -- NTT, TF
97 2 0 0.0             /C-11 -- JJ, NN, NTX, PFDUM
0 0.0                  /C-12 -- NTT, TF
98 2 0 0.0             /C-11 -- JJ, NN, NTX, PFDUM
0 0.0                  /C-12 -- NTT, TF
99 2 0 0.0             /C-11 -- JJ, NN, NTX, PFDUM
0 0.0                  /C-12 -- NTT, TF
100 2 0 0.0            /C-11 -- JJ, NN, NTX, PFDUM
0 0.0                  /C-12 -- NTT, TF
101 2 0 0.0            /C-11 -- JJ, NN, NTX, PFDUM
0 0.0                  /C-12 -- NTT, TF
102 2 0 0.0            /C-11 -- JJ, NN, NTX, PFDUM
0 0.0                  /C-12 -- NTT, TF
103 2 0 0.0            /C-11 -- JJ, NN, NTX, PFDUM
0 0.0                  /C-12 -- NTT, TF
104 2 0 0.0            /C-11 -- JJ, NN, NTX, PFDUM
0 0.0                  /C-12 -- NTT, TF
105 2 0 0.0            /C-11 -- JJ, NN, NTX, PFDUM
0 0.0                  /C-12 -- NTT, TF
106 2 0 0.0            /C-11 -- JJ, NN, NTX, PFDUM
0 0.0                  /C-12 -- NTT, TF
107 2 0 0.0            /C-11 -- JJ, NN, NTX, PFDUM
0 0.0                  /C-12 -- NTT, TF
108 2 0 0.0            /C-11 -- JJ, NN, NTX, PFDUM
0 0.0                  /C-12 -- NTT, TF
109 2 0 0.0            /C-11 -- JJ, NN, NTX, PFDUM
0 0.0                  /C-12 -- NTT, TF
-999999                /C-19 -- End of data for recharge period 2
-999999 /End of input data file
