Tutorial 1 for VS2DHI (simulation of fluid flow and energy transport)
872640.0 0. 0.         /A-2 -- TMAX, STIM, ANG
m   sec g   J          /A-3 -- ZUNIT, TUNIT, CUNX, HUNX
46 34                  /A-4 -- NXR, NLY
2 10000                /A-5 -- NRECH, NUMT
F T T T                /A-6 -- RAD, ITSTOP, HEAT, SOLUTE
tutorial.pqi
phreeqc.dat
pre
T T                    /A-10 -- CIS, CIT
1                      /A-11 -- INPRXZ
T F F T F              /A-12 -- F11P, F7P, F8P, F9P, F6P
F F T F F              /A-13 -- THPT, SPNT, PPNT, HPNT, VPNT
0 1                    /A-14 -- IFAC, FACX. A-15 begins next line: DXR
0.14701705 0.14701705 0.14701705 0.14701705 0.14701705 0.14701705 0.14701705 0.14701705 0.14701705 0.14701705 
0.14701705 0.14701705 0.14701705 0.14701705 0.14701705 0.14701705 0.14701705 0.14701705 0.14701705 0.14701705 
0.14701705 0.14701705 0.14701705 0.14701705 0.14701705 0.14701705 0.14701705 0.14701705 0.14701705 0.14701705 
0.14701705 0.14701705 0.14701705 0.14701705 0.14701705 0.14701705 0.14701705 0.14701705 0.14701705 0.14701705 
0.14701705 0.14701705 0.14701705 0.14701705 0.14701705 0.14701705
0 1                    /A-17 -- JFAC, FACZ. A-18 begins next line: DELZ
0.12695312 0.12695312 0.12695312 0.12695312 0.12695312 0.12695312 0.12695312 0.12695312 0.12695312 0.12695312 
0.12695312 0.12695312 0.12695312 0.12695312 0.12695312 0.12695312 0.12695312 0.12695312 0.12695312 0.12695312 
0.12695312 0.12695312 0.12695312 0.12695312 0.12695312 0.12695312 0.12695312 0.12695312 0.12695312 0.12695312 
0.12695312 0.12695312 0.12695312 0.12695312 /End A-18
2                      /A-22 -- NOBS. A-23 begins next line: J, N
5 22
16 29
24                     /A-24 -- NMB9
13 14 15 16 17 18 28 29 30 31 32 33 52 53 54 55 56 57 67 68 69 70 71 72     /A-25 -- MB9
1.0E-5 0.7 0.5         /B-1 -- EPS, HMAX, WUS
1.0E-5 1.0E-4          /B-2 -- EPS1, EPS2
1.0E-7                 /B-3 -- EPS3
2 50                   /B-4 -- MINIT, ITMAX
T                      /B-5 -- PHRD
3 6                    /B-6 -- NTEX, NPROP
1                      /B-7 -- HFT hydraulicFunctionType
1                      /B-8 -- ITEX. B-9 to begin next line: HK
1.0 0.0 0.0 0.0 0.0 0.0 0.0
0.0 0.0 0.0 0.0 0.0 0.0    /B-10 -- HT
0.0 0.0 0.0            /B-11 -- HS
2                      /B-8 -- ITEX. B-9 to begin next line: HK
1.0 1.0E-4 1.0E-4 0.377 1.04 0.072 6.9
0.1 0.1 2180000.0 1.296 1.5552 4180000.0    /B-10 -- HT
0.1 0.1 0.0            /B-11 -- HS
3                      /B-8 -- ITEX. B-9 to begin next line: HK
1.0 6.94E-6 1.0E-4 0.46 2.6 0.034 4.37
0.1 0.1 2180000.0 1.29 1.55 4180000.0    /B-10 -- HT
0.1 0.1 0.0            /B-11 -- HS
0                      /B-12 -- IROW. B-13 begins next line: JTEX
1 1 1 1 1 1 1 1 1 1 1 1 1 1 1 1 1 1 1 1 1 1 1 1 1 1 1 1 1 1 1 1 1 1 1 1 1 1 1 1 1 1 1 1 1 1 
1 2 2 2 2 2 2 2 2 2 2 1 1 1 1 1 1 1 1 1 1 1 1 1 1 1 1 1 1 1 1 1 2 2 2 2 2 2 2 2 2 2 2 2 2 1
1 2 2 2 2 2 2 2 2 2 2 2 2 1 1 1 1 1 1 1 1 1 1 1 1 1 1 1 1 1 2 2 2 2 2 2 2 2 2 2 2 2 2 2 2 1
1 2 2 2 2 2 2 2 2 2 2 2 2 2 2 1 1 1 1 1 1 1 1 1 1 1 1 2 2 2 2 2 2 2 2 2 2 2 2 2 2 2 2 2 2 1
1 2 2 2 2 2 2 2 2 2 2 2 2 2 2 2 2 2 2 2 2 2 2 2 2 2 2 2 2 2 2 2 2 2 2 2 2 2 2 2 2 2 2 2 2 1
1 2 2 2 2 2 2 2 2 2 2 2 2 2 2 2 2 2 2 2 2 2 2 2 2 2 2 2 2 2 2 2 2 2 2 2 2 2 2 2 2 2 2 2 2 1
1 2 2 2 2 2 2 2 2 2 2 2 2 2 2 2 2 2 2 2 2 2 2 2 2 2 2 2 2 2 2 2 2 2 2 2 2 2 2 2 2 2 2 2 2 1
1 2 2 2 2 2 2 2 2 2 2 2 2 2 2 2 2 2 2 2 2 2 2 2 2 2 2 2 2 2 2 2 2 2 2 2 2 2 2 2 2 2 2 2 2 1
1 2 2 2 2 2 2 2 2 2 2 2 2 2 2 2 2 2 2 2 2 2 2 2 2 2 2 2 2 2 2 2 2 2 2 2 2 2 2 2 2 2 2 2 2 1
1 2 2 2 2 2 2 2 2 2 2 2 2 2 2 2 2 2 3 2 2 2 2 2 2 2 2 2 2 2 2 2 2 2 2 2 2 2 2 2 2 2 2 2 2 1
1 2 2 2 2 2 2 2 2 2 2 2 2 2 2 2 2 2 3 3 3 3 2 2 2 2 2 2 2 2 2 2 2 2 2 2 2 2 2 2 2 2 2 2 2 1
1 2 2 2 2 2 2 2 2 2 2 2 2 2 2 2 2 2 2 3 3 3 3 3 3 3 2 2 2 2 2 2 2 2 2 2 2 2 2 2 2 2 2 2 2 1
1 2 2 2 2 2 2 2 2 2 2 2 2 2 2 2 2 2 2 3 3 3 3 3 3 3 3 3 3 2 2 2 2 2 2 2 2 2 2 2 2 2 2 2 2 1
1 2 2 2 2 2 2 2 2 2 2 2 2 2 2 2 2 2 2 3 3 3 3 3 3 3 3 3 3 3 3 3 2 2 2 2 2 2 2 2 2 2 2 2 2 1
1 2 2 2 2 2 2 2 2 2 2 2 2 2 2 2 2 2 2 2 3 3 3 3 3 3 3 3 3 3 3 3 3 3 3 2 2 2 2 2 2 2 2 2 2 1
1 2 2 2 2 2 2 2 2 2 2 2 2 2 2 2 2 2 2 2 2 3 3 3 3 3 3 3 3 3 3 3 3 3 3 3 3 3 2 2 2 2 2 2 2 1
1 2 2 2 2 2 2 2 2 2 2 2 2 2 2 2 2 2 2 2 2 2 2 3 3 3 3 3 3 3 3 3 3 3 3 3 3 3 3 2 2 2 2 2 2 1
1 2 2 2 2 2 2 2 2 2 2 2 2 2 2 2 2 2 2 2 2 2 2 2 2 2 3 3 3 3 3 3 3 3 3 3 3 3 3 2 2 2 2 2 2 1
1 2 2 2 2 2 2 2 2 2 2 2 2 2 2 2 2 2 2 2 2 2 2 2 2 2 2 2 3 3 3 3 3 3 3 3 3 3 3 2 2 2 2 2 2 1
1 2 2 2 2 2 2 2 2 2 2 2 2 2 2 2 2 2 2 2 2 2 2 2 2 2 2 2 2 2 3 3 3 3 3 3 3 3 3 2 2 2 2 2 2 1
1 2 2 2 2 2 2 2 2 2 2 2 2 2 2 2 2 2 2 2 2 2 2 2 2 2 2 2 2 2 2 2 3 3 3 3 3 3 3 3 2 2 2 2 2 1
1 2 2 2 2 2 2 2 2 2 2 2 2 2 2 2 2 2 2 2 2 2 2 2 2 2 2 2 2 2 2 2 2 2 2 3 3 3 3 3 2 2 2 2 2 1
1 2 2 2 2 2 2 2 2 2 2 2 2 2 2 2 2 2 2 2 2 2 2 2 2 2 2 2 2 2 2 2 2 2 2 2 2 3 3 3 2 2 2 2 2 1
1 2 2 2 2 2 2 2 2 2 2 2 2 2 2 2 2 2 2 2 2 2 2 2 2 2 2 2 2 2 2 2 2 2 2 2 2 2 2 3 3 2 2 2 2 1
1 2 2 2 2 2 2 2 2 2 2 2 2 2 2 2 2 2 2 2 2 2 2 2 2 2 2 2 2 2 2 2 2 2 2 2 2 2 2 2 2 2 2 2 2 1
1 2 2 2 2 2 2 2 2 2 2 2 2 2 2 2 2 2 2 2 2 2 2 2 2 2 2 2 2 2 2 2 2 2 2 2 2 2 2 2 2 2 2 2 2 1
1 2 2 2 2 2 2 2 2 2 2 2 2 2 2 2 2 2 2 2 2 2 2 2 2 2 2 2 2 2 2 2 2 2 2 2 2 2 2 2 2 2 2 2 2 1
1 2 2 2 2 2 2 2 2 2 2 2 2 2 2 2 2 2 2 2 2 2 2 2 2 2 2 2 2 2 2 2 2 2 2 2 2 2 2 2 2 2 2 2 2 1
1 2 2 2 2 2 2 2 2 2 2 2 2 2 2 2 2 2 2 2 2 2 2 2 2 2 2 2 2 2 2 2 2 2 2 2 2 2 2 2 2 2 2 2 2 1
1 2 2 2 2 2 2 2 2 2 2 2 2 2 2 2 2 2 2 2 2 2 2 2 2 2 2 2 2 2 2 2 2 2 2 2 2 2 2 2 2 2 2 2 2 1
1 2 2 2 2 2 2 2 2 2 2 2 2 2 2 2 2 2 2 2 2 2 2 2 2 2 2 2 2 2 2 2 2 2 2 2 2 2 2 2 2 2 2 2 2 1
1 2 2 2 2 2 2 2 2 2 2 2 2 2 2 2 2 2 2 2 2 2 2 2 2 2 2 2 2 2 2 2 2 2 2 2 2 2 2 2 2 2 2 2 2 1
1 2 2 2 2 2 2 2 2 2 2 2 2 2 2 2 2 2 2 2 2 2 2 2 2 2 2 2 2 2 2 2 2 2 2 2 2 2 2 2 2 2 2 2 2 1
1 1 1 1 1 1 1 1 1 1 1 1 1 1 1 1 1 1 1 1 1 1 1 1 1 1 1 1 1 1 1 1 1 1 1 1 1 1 1 1 1 1 1 1 1 1 /End B-13
2 1.0                  /B-15 -- IREAD, FACTOR
3.7291667 -3.98        /B-16 -- DWTX, HMIN
F F                    /B-18 -- BCIT, ETSIM
1 1.0                  /B-28 -- IREAD, FACTOR
5 'free'               /B-29 -- IU, IFMT. Initial values to follow.
0.0 0.0 0.0 0.0 0.0 0.0 0.0 0.0 0.0 0.0 0.0 0.0 0.0 0.0 0.0 0.0 0.0 0.0 0.0 0.0 
0.0 0.0 0.0 0.0 0.0 0.0 0.0 0.0 0.0 0.0 0.0 0.0 0.0 0.0 0.0 0.0 0.0 0.0 0.0 0.0 
0.0 0.0 0.0 0.0 0.0 0.0 
0.0 19.845953 19.842487 19.83902 19.835554 19.832088 19.828623 19.825157 19.821692 19.818224 19.877735 0.0 0.0 0.0 0.0 0.0 0.0 0.0 0.0 0.0 
0.0 0.0 0.0 0.0 0.0 0.0 0.0 0.0 0.0 0.0 0.0 0.0 19.951672 19.87592 19.874483 19.873047 19.87161 19.870174 19.868738 19.867302 
19.865868 19.864431 19.862995 19.861559 19.860123 0.0
0.0 19.599033 19.595568 19.592102 19.588636 19.58517 19.581703 19.578238 19.574772 19.571306 19.672766 19.778881 19.884996 0.0 0.0 0.0 0.0 0.0 0.0 0.0 
0.0 0.0 0.0 0.0 0.0 0.0 0.0 0.0 0.0 0.0 19.949488 19.84988 19.750273 19.650665 19.627686 19.62625 19.624813 19.623377 19.62194 19.620504 
19.619068 19.617632 19.616196 19.61476 19.613323 0.0
0.0 19.352116 19.348648 19.345182 19.341717 19.338251 19.334785 19.33132 19.327852 19.361683 19.467796 19.573912 19.680027 19.786142 19.892256 0.0 0.0 0.0 0.0 0.0 
0.0 0.0 0.0 0.0 0.0 0.0 0.0 20.0 19.947306 19.847696 19.748089 19.648481 19.548874 19.449266 19.380888 19.379452 19.378016 19.37658 19.375143 19.373707 
19.37227 19.370834 19.369398 19.367962 19.366526 0.0
0.0 19.105196 19.10173 19.098265 19.094799 19.091331 19.087866 19.0844 19.080935 19.156713 19.262829 19.368942 19.475058 19.581173 19.687288 19.793404 19.837967 19.850948 19.86393 19.876913 
19.889894 19.902876 19.915857 19.928839 19.94182 19.954803 19.945122 19.845514 19.745907 19.6463 19.54669 19.447083 19.347475 19.247868 19.14826 19.132654 19.131218 19.129782 19.128345 19.12691 
19.125473 19.124037 19.1226 19.121164 19.119728 0.0
0.0 18.858276 18.85481 18.851345 18.84788 18.844414 18.840948 18.83748 18.845629 18.951744 19.05786 19.163975 19.27009 19.376204 19.482319 19.561546 19.57453 19.587511 19.600492 19.613474 
19.626455 19.639439 19.65242 19.665401 19.678383 19.68626 19.68626 19.644115 19.544508 19.4449 19.345293 19.245684 19.146076 19.046469 18.946861 18.885857 18.88442 18.882984 18.881548 18.880112 
18.878675 18.87724 18.875803 18.874367 18.87293 0.0
0.0 18.611359 18.607893 18.604427 18.60096 18.597494 18.594028 18.590563 18.640661 18.746777 18.85289 18.959005 19.06512 19.171236 19.277351 19.29811 19.31109 19.324074 19.337055 19.350037 
19.363018 19.376 19.388983 19.401964 19.410057 19.410057 19.410057 19.410057 19.34311 19.243502 19.143894 19.044287 18.944677 18.84507 18.745462 18.645855 18.637623 18.636187 18.63475 18.633314 
18.631878 18.630442 18.629005 18.62757 18.626133 0.0
0.0 18.364439 18.360973 18.357508 18.354042 18.350576 18.34711 18.343643 18.435692 18.541807 18.647923 18.754038 18.860151 18.966267 19.02169 19.034672 19.047653 19.060635 19.073618 19.0866 
19.09958 19.112562 19.125544 19.133852 19.133852 19.133852 19.133852 19.133852 19.133852 19.042103 18.942495 18.842888 18.743279 18.643671 18.544064 18.444456 18.390825 18.389389 18.387953 18.386517 
18.38508 18.383644 18.382208 18.380772 18.379335 0.0
0.0 18.117521 18.114056 18.110588 18.107122 18.103657 18.100191 18.124609 18.230724 18.336838 18.442953 18.549068 18.655184 18.74527 18.758251 18.771235 18.784216 18.797197 18.810179 18.82316 
18.836143 18.849125 18.857649 18.857649 18.857649 18.857649 18.857649 18.857649 18.857649 18.840704 18.741096 18.641489 18.541882 18.442272 18.342665 18.243057 18.144028 18.142591 18.141155 18.139719 
18.138283 18.136847 18.13541 18.133974 18.132538 0.0
0.0 17.870602 17.867136 17.86367 17.860205 17.856739 17.853271 17.91964 18.025755 18.13187 18.237984 18.344099 18.450214 18.481833 18.494814 18.507795 18.520779 18.53376 18.546741 18.559723 
18.572704 18.581446 18.581446 18.581446 18.581446 18.581446 18.581446 18.581446 18.581446 18.581446 18.539698 18.44009 18.340483 18.240875 18.141266 18.041658 17.94205 17.895794 17.894358 17.892921 
17.891485 17.890049 17.888613 17.887177 17.88574 0.0
0.0 17.623684 17.620218 17.61675 17.613285 17.60982 17.608557 17.71467 17.820786 17.9269 18.033016 18.139132 18.205414 18.218395 18.231377 18.244358 18.25734 18.270323 18.283304 18.296286 
18.30524 18.30524 18.30524 18.30524 18.30524 18.30524 18.30524 18.30524 18.30524 18.30524 18.30524 18.238691 18.139084 18.039476 17.939867 17.84026 17.740652 17.648994 17.64756 17.646124 
17.644688 17.643251 17.641815 17.640379 17.638943 0.0
0.0 17.376764 17.373299 17.369833 17.366367 17.3629 17.403587 17.509703 17.615818 17.721931 17.828047 17.928993 17.941975 17.954958 17.96794 17.98092 17.993902 18.006884 18.019865 18.029037 
18.029037 18.029037 18.029037 18.029037 18.029037 18.029037 18.029037 18.029037 18.029037 18.029037 18.029037 18.029037 17.937685 17.838078 17.73847 17.63886 17.539253 17.439646 17.40076 17.399324 
17.397888 17.396452 17.395016 17.393581 17.392145 0.0
0.0 17.129847 17.126379 17.122913 17.119448 17.115982 17.198618 17.304733 17.410849 17.516964 17.62308 17.665556 17.678537 17.691519 17.7045 17.717484 17.730465 17.743446 17.752832 17.752832 
17.752832 17.752832 17.752832 17.752832 17.752832 17.752832 17.752832 17.752832 17.752832 17.752832 17.752832 17.752832 17.736286 17.636679 17.537071 17.437464 17.337854 17.238247 17.153963 17.152527 
17.15109 17.149654 17.148218 17.146782 17.145346 0.0
0.0 16.882927 16.879461 16.875996 16.87253 16.887535 16.99365 17.099766 17.20588 17.311995 17.389135 17.402119 17.4151 17.428082 17.441063 17.454044 17.467028 17.47663 17.47663 17.47663 
17.47663 17.47663 17.47663 17.47663 17.47663 17.47663 17.47663 17.47663 17.47663 17.47663 17.47663 17.47663 17.47663 17.43528 17.335672 17.236065 17.136457 17.036848 16.93724 16.90573 
16.904293 16.902857 16.90142 16.899984 16.898548 0.0
0.0 16.636007 16.632542 16.629076 16.62561 16.682566 16.788681 16.894796 17.000912 17.107027 17.125698 17.13868 17.151663 17.164644 17.177626 17.190607 17.200424 17.200424 17.200424 17.200424 
17.200424 17.200424 17.200424 17.200424 17.200424 17.200424 17.200424 17.200424 17.200424 17.200424 17.200424 17.200424 17.200424 17.200424 17.134274 17.034666 16.935059 16.83545 16.735842 16.658932 
16.657495 16.65606 16.654623 16.653187 16.65175 0.0
0.0 16.38909 16.385624 16.382158 16.37869 16.477598 16.583712 16.689827 16.795942 16.84928 16.86226 16.875242 16.888224 16.901205 16.914188 16.924221 16.924221 16.924221 16.924221 16.924221 
16.924221 16.924221 16.924221 16.924221 16.924221 16.924221 16.924221 16.924221 16.924221 16.924221 16.924221 16.924221 16.924221 16.924221 16.924221 16.833267 16.73366 16.634052 16.534443 16.434835 
16.410698 16.409262 16.407825 16.40639 16.404953 0.0
0.0 16.14217 16.138704 16.135239 16.166513 16.272629 16.378744 16.48486 16.572859 16.58584 16.598824 16.611805 16.624786 16.637768 16.648018 16.648018 16.648018 16.648018 16.648018 16.648018 
16.648018 16.648018 16.648018 16.648018 16.648018 16.648018 16.648018 16.648018 16.648018 16.648018 16.648018 16.648018 16.648018 16.648018 16.648018 16.631868 16.53226 16.432653 16.333046 16.233437 
16.1639 16.162464 16.161028 16.159592 16.158155 0.0
0.0 15.895252 15.891786 15.88832 15.961545 16.06766 16.173775 16.27989 16.309422 16.322403 16.335384 16.348368 16.36135 16.371813 16.371813 16.371813 16.371813 16.371813 16.371813 16.371813 
16.371813 16.371813 16.371813 16.371813 16.371813 16.371813 16.371813 16.371813 16.371813 16.371813 16.371813 16.371813 16.371813 16.371813 16.371813 16.371813 16.330862 16.231255 16.131647 16.03204 
15.932431 15.915667 15.91423 15.912794 15.911358 0.0
0.0 15.648333 15.644867 15.650461 15.756577 15.862692 15.968806 16.033003 16.045984 16.058966 16.071947 16.084929 16.09561 16.09561 16.09561 16.09561 16.09561 16.09561 16.09561 16.09561 
16.09561 16.09561 16.09561 16.09561 16.09561 16.09561 16.09561 16.09561 16.09561 16.09561 16.09561 16.09561 16.09561 16.09561 16.09561 16.09561 16.09561 16.029856 15.930248 15.83064 
15.731032 15.668868 15.667432 15.665997 15.66456 0.0
0.0 15.401414 15.397948 15.445493 15.551608 15.657722 15.756582 15.769564 15.782546 15.795527 15.80851 15.819406 15.819406 15.819406 15.819406 15.819406 15.819406 15.819406 15.819406 15.819406 
15.819406 15.819406 15.819406 15.819406 15.819406 15.819406 15.819406 15.819406 15.819406 15.819406 15.819406 15.819406 15.819406 15.819406 15.819406 15.819406 15.819406 15.819406 15.728849 15.629242 
15.5296335 15.430026 15.420634 15.419198 15.417762 0.0
0.0 15.154495 15.15103 15.240524 15.346639 15.452754 15.493145 15.506126 15.519108 15.53209 15.543201 15.543201 15.543201 15.543201 15.543201 15.543201 15.543201 15.543201 15.543201 15.543201 
15.543201 15.543201 15.543201 15.543201 15.543201 15.543201 15.543201 15.543201 15.543201 15.543201 15.543201 15.543201 15.543201 15.543201 15.543201 15.543201 15.543201 15.543201 15.527451 15.427843 
15.328235 15.228627 15.173837 15.1724 15.170964 0.0
0.0 14.907577 14.9294405 15.035556 15.14167 15.216725 15.229707 15.242688 15.255671 15.266997 15.266997 15.266997 15.266997 15.266997 15.266997 15.266997 15.266997 15.266997 15.266997 15.266997 
15.266997 15.266997 15.266997 15.266997 15.266997 15.266997 15.266997 15.266997 15.266997 15.266997 15.266997 15.266997 15.266997 15.266997 15.266997 15.266997 15.266997 15.266997 15.266997 15.226444 
15.126837 15.027228 14.927621 14.925603 14.924167 0.0
0.0 14.660658 14.724472 14.830586 14.936702 14.953287 14.9662695 14.979251 14.990793 14.990793 14.990793 14.990793 14.990793 14.990793 14.990793 14.990793 14.990793 14.990793 14.990793 14.990793 
14.990793 14.990793 14.990793 14.990793 14.990793 14.990793 14.990793 14.990793 14.990793 14.990793 14.990793 14.990793 14.990793 14.990793 14.990793 14.990793 14.990793 14.990793 14.990793 14.990793 
14.925438 14.82583 14.726222 14.678805 14.677369 0.0
0.0 14.413739 14.519503 14.625618 14.6768675 14.68985 14.702831 14.714589 14.714589 14.714589 14.714589 14.714589 14.714589 14.714589 14.714589 14.714589 14.714589 14.714589 14.714589 14.714589 
14.714589 14.714589 14.714589 14.714589 14.714589 14.714589 14.714589 14.714589 14.714589 14.714589 14.714589 14.714589 14.714589 14.714589 14.714589 14.714589 14.714589 14.714589 14.714589 14.714589 
14.714589 14.624432 14.524824 14.432007 14.430571 0.0
0.0 14.20842 14.314534 14.400448 14.41343 14.426412 14.438385 14.438385 14.438385 14.438385 14.438385 14.438385 14.438385 14.438385 14.438385 14.438385 14.438385 14.438385 14.438385 14.438385 
14.438385 14.438385 14.438385 14.438385 14.438385 14.438385 14.438385 14.438385 14.438385 14.438385 14.438385 14.438385 14.438385 14.438385 14.438385 14.438385 14.438385 14.438385 14.438385 14.438385 
14.438385 14.423033 14.323425 14.223817 14.183773 0.0
0.0 14.00345 14.109566 14.137011 14.149992 14.162181 14.162181 14.162181 14.162181 14.162181 14.162181 14.162181 14.162181 14.162181 14.162181 14.162181 14.162181 14.162181 14.162181 14.162181 
14.162181 14.162181 14.162181 14.162181 14.162181 14.162181 14.162181 14.162181 14.162181 14.162181 14.162181 14.162181 14.162181 14.162181 14.162181 14.162181 14.162181 14.162181 14.162181 14.162181 
14.162181 14.162181 14.122026 14.022419 13.9369755 0.0
0.0 13.798482 13.860591 13.873572 13.885978 13.885978 13.885978 13.885978 13.885978 13.885978 13.885978 13.885978 13.885978 13.885978 13.885978 13.885978 13.885978 13.885978 13.885978 13.885978 
13.885978 13.885978 13.885978 13.885978 13.885978 13.885978 13.885978 13.885978 13.885978 13.885978 13.885978 13.885978 13.885978 13.885978 13.885978 13.885978 13.885978 13.885978 13.885978 13.885978 
13.885978 13.885978 13.885978 13.82102 13.721413 0.0
0.0 13.584171 13.597153 13.609774 13.609774 13.609774 13.609774 13.609774 13.609774 13.609774 13.609774 13.609774 13.609774 13.609774 13.609774 13.609774 13.609774 13.609774 13.609774 13.609774 
13.609774 13.609774 13.609774 13.609774 13.609774 13.609774 13.609774 13.609774 13.609774 13.609774 13.609774 13.609774 13.609774 13.609774 13.609774 13.609774 13.609774 13.609774 13.609774 13.609774 
13.609774 13.609774 13.609774 13.609774 13.520014 0.0
0.0 13.320733 13.33357 13.33357 13.33357 13.33357 13.33357 13.33357 13.33357 13.33357 13.33357 13.33357 13.33357 13.33357 13.33357 13.33357 13.33357 13.33357 13.33357 13.33357 
13.33357 13.33357 13.33357 13.33357 13.33357 13.33357 13.33357 13.33357 13.33357 13.33357 13.33357 13.33357 13.33357 13.33357 13.33357 13.33357 13.33357 13.33357 13.33357 13.33357 
13.33357 13.33357 13.33357 13.33357 13.318615 0.0
0.0 13.057296 13.057365 13.057365 13.057365 13.057365 13.057365 13.057365 13.057365 13.057365 13.057365 13.057365 13.057365 13.057365 13.057365 13.057365 13.057365 13.057365 13.057365 13.057365 
13.057365 13.057365 13.057365 13.057365 13.057365 13.057365 13.057365 13.057365 13.057365 13.057365 13.057365 13.057365 13.057365 13.057365 13.057365 13.057365 13.057365 13.057365 13.057365 13.057365 
13.057365 13.057365 13.057365 13.057365 13.057365 0.0
0.0 12.781161 12.781161 12.781161 12.781161 12.781161 12.781161 12.781161 12.781161 12.781161 12.781161 12.781161 12.781161 12.781161 12.781161 12.781161 12.781161 12.781161 12.781161 12.781161 
12.781161 12.781161 12.781161 12.781161 12.781161 12.781161 12.781161 12.781161 12.781161 12.781161 12.781161 12.781161 12.781161 12.781161 12.781161 12.781161 12.781161 12.781161 12.781161 12.781161 
12.781161 12.781161 12.781161 12.781161 12.781161 0.0
0.0 12.504957 12.504957 12.504957 12.504957 12.504957 12.504957 12.504957 12.504957 12.504957 12.504957 12.504957 12.504957 12.504957 12.504957 12.504957 12.504957 12.504957 12.504957 12.504957 
12.504957 12.504957 12.504957 12.504957 12.504957 12.504957 12.504957 12.504957 12.504957 12.504957 12.504957 12.504957 12.504957 12.504957 12.504957 12.504957 12.504957 12.504957 12.504957 12.504957 
12.504957 12.504957 12.504957 12.504957 12.504957 0.0
0.0 12.228753 12.228753 12.228753 12.228753 12.228753 12.228753 12.228753 12.228753 12.228753 12.228753 12.228753 12.228753 12.228753 12.228753 12.228753 12.228753 12.228753 12.228753 12.228753 
12.228753 12.228753 12.228753 12.228753 12.228753 12.228753 12.228753 12.228753 12.228753 12.228753 12.228753 12.228753 12.228753 12.228753 12.228753 12.228753 12.228753 12.228753 12.228753 12.228753 
12.228753 12.228753 12.228753 12.228753 12.228753 0.0
0.0 0.0 0.0 0.0 0.0 0.0 0.0 0.0 0.0 0.0 0.0 0.0 0.0 0.0 0.0 0.0 0.0 0.0 0.0 0.0 
0.0 0.0 0.0 0.0 0.0 0.0 0.0 0.0 0.0 0.0 0.0 0.0 0.0 0.0 0.0 0.0 0.0 0.0 0.0 0.0 
0.0 0.0 0.0 0.0 0.0 0.0 
1                      /B-30 -- IREAD. B-32 begins next line: INDSOL
-1 -1 -1 -1 -1 -1 -1 -1 -1 -1 -1 -1 -1 -1 -1 -1 -1 -1 -1 -1 -1 -1 -1 -1 -1 -1 -1 -1 -1 -1 -1 -1 -1 -1 -1 -1 -1 -1 -1 -1 -1 -1 -1 -1 -1 -1 
-1 1 1 1 1 1 1 1 1 1 1 -1 -1 -1 -1 -1 -1 -1 -1 -1 -1 -1 -1 -1 -1 -1 -1 -1 -1 -1 -1 -1 1 1 1 1 1 1 1 1 1 1 1 1 1 -1
-1 1 1 1 1 1 1 1 1 1 1 1 1 -1 -1 -1 -1 -1 -1 -1 -1 -1 -1 -1 -1 -1 -1 -1 -1 -1 1 1 1 1 1 1 1 1 1 1 1 1 1 1 1 -1
-1 1 1 1 1 1 1 1 1 1 1 1 1 1 1 -1 -1 -1 -1 -1 -1 -1 -1 -1 -1 -1 -1 1 1 1 1 1 1 1 1 1 1 1 1 1 1 1 1 1 1 -1
-1 1 1 1 1 1 1 1 1 1 1 1 1 1 1 1 1 1 1 1 1 1 1 1 1 1 1 1 1 1 1 1 1 1 1 1 1 1 1 1 1 1 1 1 1 -1
-1 1 1 1 1 1 1 1 1 1 1 1 1 1 1 1 1 1 1 1 1 1 1 1 1 1 1 1 1 1 1 1 1 1 1 1 1 1 1 1 1 1 1 1 1 -1
-1 1 1 1 1 1 1 1 1 1 1 1 1 1 1 1 1 1 1 1 1 1 1 1 1 1 1 1 1 1 1 1 1 1 1 1 1 1 1 1 1 1 1 1 1 -1
-1 1 1 1 1 1 1 1 1 1 1 1 1 1 1 1 1 1 1 1 1 1 1 1 1 1 1 1 1 1 1 1 1 1 1 1 1 1 1 1 1 1 1 1 1 -1
-1 1 1 1 1 1 1 1 1 1 1 1 1 1 1 1 1 1 1 1 1 1 1 1 1 1 1 1 1 1 1 1 1 1 1 1 1 1 1 1 1 1 1 1 1 -1
-1 1 1 1 1 1 1 1 1 1 1 1 1 1 1 1 1 1 1 1 1 1 1 1 1 1 1 1 1 1 1 1 1 1 1 1 1 1 1 1 1 1 1 1 1 -1
-1 1 1 1 1 1 1 1 1 1 1 1 1 1 1 1 1 1 1 1 1 1 1 1 1 1 1 1 1 1 1 1 1 1 1 1 1 1 1 1 1 1 1 1 1 -1
-1 1 1 1 1 1 1 1 1 1 1 1 1 1 1 1 1 1 1 1 1 1 1 1 1 1 1 1 1 1 1 1 1 1 1 1 1 1 1 1 1 1 1 1 1 -1
-1 1 1 1 1 1 1 1 1 1 1 1 1 1 1 1 1 1 1 1 1 1 1 1 1 1 1 1 1 1 1 1 1 1 1 1 1 1 1 1 1 1 1 1 1 -1
-1 1 1 1 1 1 1 1 1 1 1 1 1 1 1 1 1 1 1 1 1 1 1 1 1 1 1 1 1 1 1 1 1 1 1 1 1 1 1 1 1 1 1 1 1 -1
-1 1 1 1 1 1 1 1 1 1 1 1 1 1 1 1 1 1 1 1 1 1 1 1 1 1 1 1 1 1 1 1 1 1 1 1 1 1 1 1 1 1 1 1 1 -1
-1 1 1 1 1 1 1 1 1 1 1 1 1 1 1 1 1 1 1 1 1 1 1 1 1 1 1 1 1 1 1 1 1 1 1 1 1 1 1 1 1 1 1 1 1 -1
-1 1 1 1 1 1 1 1 1 1 1 1 1 1 1 1 1 1 1 1 1 1 1 1 1 1 1 1 1 1 1 1 1 1 1 1 1 1 1 1 1 1 1 1 1 -1
-1 1 1 1 1 1 1 1 1 1 1 1 1 1 1 1 1 1 1 1 1 1 1 1 1 1 1 1 1 1 1 1 1 1 1 1 1 1 1 1 1 1 1 1 1 -1
-1 1 1 1 1 1 1 1 1 1 1 1 1 1 1 1 1 1 1 1 1 1 1 1 1 1 1 1 1 1 1 1 1 1 1 1 1 1 1 1 1 1 1 1 1 -1
-1 1 1 1 1 1 1 1 1 1 1 1 1 1 1 1 1 1 1 1 1 1 1 1 1 1 1 1 1 1 1 1 1 1 1 1 1 1 1 1 1 1 1 1 1 -1
-1 1 1 1 1 1 1 1 1 1 1 1 1 1 1 1 1 1 1 1 1 1 1 1 1 1 1 1 1 1 1 1 1 1 1 1 1 1 1 1 1 1 1 1 1 -1
-1 1 1 1 1 1 1 1 1 1 1 1 1 1 1 1 1 1 1 1 1 1 1 1 1 1 1 1 1 1 1 1 1 1 1 1 1 1 1 1 1 1 1 1 1 -1
-1 1 1 1 1 1 1 1 1 1 1 1 1 1 1 1 1 1 1 1 1 1 1 1 1 1 1 1 1 1 1 1 1 1 1 1 1 1 1 1 1 1 1 1 1 -1
-1 1 1 1 1 1 1 1 1 1 1 1 1 1 1 1 1 1 1 1 1 1 1 1 1 1 1 1 1 1 1 1 1 1 1 1 1 1 1 1 1 1 1 1 1 -1
-1 1 1 1 1 1 1 1 1 1 1 1 1 1 1 1 1 1 1 1 1 1 1 1 1 1 1 1 1 1 1 1 1 1 1 1 1 1 1 1 1 1 1 1 1 -1
-1 1 1 1 1 1 1 1 1 1 1 1 1 1 1 1 1 1 1 1 1 1 1 1 1 1 1 1 1 1 1 1 1 1 1 1 1 1 1 1 1 1 1 1 1 -1
-1 1 1 1 1 1 1 1 1 1 1 1 1 1 1 1 1 1 1 1 1 1 1 1 1 1 1 1 1 1 1 1 1 1 1 1 1 1 1 1 1 1 1 1 1 -1
-1 1 1 1 1 1 1 1 1 1 1 1 1 1 1 1 1 1 1 1 1 1 1 1 1 1 1 1 1 1 1 1 1 1 1 1 1 1 1 1 1 1 1 1 1 -1
-1 1 1 1 1 1 1 1 1 1 1 1 1 1 1 1 1 1 1 1 1 1 1 1 1 1 1 1 1 1 1 1 1 1 1 1 1 1 1 1 1 1 1 1 1 -1
-1 1 1 1 1 1 1 1 1 1 1 1 1 1 1 1 1 1 1 1 1 1 1 1 1 1 1 1 1 1 1 1 1 1 1 1 1 1 1 1 1 1 1 1 1 -1
-1 1 1 1 1 1 1 1 1 1 1 1 1 1 1 1 1 1 1 1 1 1 1 1 1 1 1 1 1 1 1 1 1 1 1 1 1 1 1 1 1 1 1 1 1 -1
-1 1 1 1 1 1 1 1 1 1 1 1 1 1 1 1 1 1 1 1 1 1 1 1 1 1 1 1 1 1 1 1 1 1 1 1 1 1 1 1 1 1 1 1 1 -1
-1 1 1 1 1 1 1 1 1 1 1 1 1 1 1 1 1 1 1 1 1 1 1 1 1 1 1 1 1 1 1 1 1 1 1 1 1 1 1 1 1 1 1 1 1 -1
-1 -1 -1 -1 -1 -1 -1 -1 -1 -1 -1 -1 -1 -1 -1 -1 -1 -1 -1 -1 -1 -1 -1 -1 -1 -1 -1 -1 -1 -1 -1 -1 -1 -1 -1 -1 -1 -1 -1 -1 -1 -1 -1 -1 -1 -1 /End SOLUTION
-1 -1 -1 -1 -1 -1 -1 -1 -1 -1 -1 -1 -1 -1 -1 -1 -1 -1 -1 -1 -1 -1 -1 -1 -1 -1 -1 -1 -1 -1 -1 -1 -1 -1 -1 -1 -1 -1 -1 -1 -1 -1 -1 -1 -1 -1 
-1 -1 -1 -1 -1 -1 -1 -1 -1 -1 -1 -1 -1 -1 -1 -1 -1 -1 -1 -1 -1 -1 -1 -1 -1 -1 -1 -1 -1 -1 -1 -1 -1 -1 -1 -1 -1 -1 -1 -1 -1 -1 -1 -1 -1 -1
-1 -1 -1 -1 -1 -1 -1 -1 -1 -1 -1 -1 -1 -1 -1 -1 -1 -1 -1 -1 -1 -1 -1 -1 -1 -1 -1 -1 -1 -1 -1 -1 -1 -1 -1 -1 -1 -1 -1 -1 -1 -1 -1 -1 -1 -1
-1 -1 -1 -1 -1 -1 -1 -1 -1 -1 -1 -1 -1 -1 -1 -1 -1 -1 -1 -1 -1 -1 -1 -1 -1 -1 -1 -1 -1 -1 -1 -1 -1 -1 -1 -1 -1 -1 -1 -1 -1 -1 -1 -1 -1 -1
-1 -1 -1 -1 -1 -1 -1 -1 -1 -1 -1 -1 -1 -1 -1 -1 -1 -1 -1 -1 -1 -1 -1 -1 -1 -1 -1 -1 -1 -1 -1 -1 -1 -1 -1 -1 -1 -1 -1 -1 -1 -1 -1 -1 -1 -1
-1 -1 -1 -1 -1 -1 -1 -1 -1 -1 -1 -1 -1 -1 -1 -1 -1 -1 -1 -1 -1 -1 -1 -1 -1 -1 -1 -1 -1 -1 -1 -1 -1 -1 -1 -1 -1 -1 -1 -1 -1 -1 -1 -1 -1 -1
-1 -1 -1 -1 -1 -1 -1 -1 -1 -1 -1 -1 -1 -1 -1 -1 -1 -1 -1 -1 -1 -1 -1 -1 -1 -1 -1 -1 -1 -1 -1 -1 -1 -1 -1 -1 -1 -1 -1 -1 -1 -1 -1 -1 -1 -1
-1 -1 -1 -1 -1 -1 -1 -1 -1 -1 -1 -1 -1 -1 -1 -1 -1 -1 -1 -1 -1 -1 -1 -1 -1 -1 -1 -1 -1 -1 -1 -1 -1 -1 -1 -1 -1 -1 -1 -1 -1 -1 -1 -1 -1 -1
-1 -1 -1 -1 -1 -1 -1 -1 -1 -1 -1 -1 -1 -1 -1 -1 -1 -1 -1 -1 -1 -1 -1 -1 -1 -1 -1 -1 -1 -1 -1 -1 -1 -1 -1 -1 -1 -1 -1 -1 -1 -1 -1 -1 -1 -1
-1 -1 -1 -1 -1 -1 -1 -1 -1 -1 -1 -1 -1 -1 -1 -1 -1 -1 -1 -1 -1 -1 -1 -1 -1 -1 -1 -1 -1 -1 -1 -1 -1 -1 -1 -1 -1 -1 -1 -1 -1 -1 -1 -1 -1 -1
-1 -1 -1 -1 -1 -1 -1 -1 -1 -1 -1 -1 -1 -1 -1 -1 -1 -1 -1 -1 -1 -1 -1 -1 -1 -1 -1 -1 -1 -1 -1 -1 -1 -1 -1 -1 -1 -1 -1 -1 -1 -1 -1 -1 -1 -1
-1 -1 -1 -1 -1 -1 -1 -1 -1 -1 -1 -1 -1 -1 -1 -1 -1 -1 -1 -1 -1 -1 -1 -1 -1 -1 -1 -1 -1 -1 -1 -1 -1 -1 -1 -1 -1 -1 -1 -1 -1 -1 -1 -1 -1 -1
-1 -1 -1 -1 -1 -1 -1 -1 -1 -1 -1 -1 -1 -1 -1 -1 -1 -1 -1 -1 -1 -1 -1 -1 -1 -1 -1 -1 -1 -1 -1 -1 -1 -1 -1 -1 -1 -1 -1 -1 -1 -1 -1 -1 -1 -1
-1 -1 -1 -1 -1 -1 -1 -1 -1 -1 -1 -1 -1 -1 -1 -1 -1 -1 -1 -1 -1 -1 -1 -1 -1 -1 -1 -1 -1 -1 -1 -1 -1 -1 -1 -1 -1 -1 -1 -1 -1 -1 -1 -1 -1 -1
-1 -1 -1 -1 -1 -1 -1 -1 -1 -1 -1 -1 -1 -1 -1 -1 -1 -1 -1 -1 -1 -1 -1 -1 -1 -1 -1 -1 -1 -1 -1 -1 -1 -1 -1 -1 -1 -1 -1 -1 -1 -1 -1 -1 -1 -1
-1 -1 -1 -1 -1 -1 -1 -1 -1 -1 -1 -1 -1 -1 -1 -1 -1 -1 -1 -1 -1 -1 -1 -1 -1 -1 -1 -1 -1 -1 -1 -1 -1 -1 -1 -1 -1 -1 -1 -1 -1 -1 -1 -1 -1 -1
-1 -1 -1 -1 -1 -1 -1 -1 -1 -1 -1 -1 -1 -1 -1 -1 -1 -1 -1 -1 -1 -1 -1 -1 -1 -1 -1 -1 -1 -1 -1 -1 -1 -1 -1 -1 -1 -1 -1 -1 -1 -1 -1 -1 -1 -1
-1 -1 -1 -1 -1 -1 -1 -1 -1 -1 -1 -1 -1 -1 -1 -1 -1 -1 -1 -1 -1 -1 -1 -1 -1 -1 -1 -1 -1 -1 -1 -1 -1 -1 -1 -1 -1 -1 -1 -1 -1 -1 -1 -1 -1 -1
-1 -1 -1 -1 -1 -1 -1 -1 -1 -1 -1 -1 -1 -1 -1 -1 -1 -1 -1 -1 -1 -1 -1 -1 -1 -1 -1 -1 -1 -1 -1 -1 -1 -1 -1 -1 -1 -1 -1 -1 -1 -1 -1 -1 -1 -1
-1 -1 -1 -1 -1 -1 -1 -1 -1 -1 -1 -1 -1 -1 -1 -1 -1 -1 -1 -1 -1 -1 -1 -1 -1 -1 -1 -1 -1 -1 -1 -1 -1 -1 -1 -1 -1 -1 -1 -1 -1 -1 -1 -1 -1 -1
-1 -1 -1 -1 -1 -1 -1 -1 -1 -1 -1 -1 -1 -1 -1 -1 -1 -1 -1 -1 -1 -1 -1 -1 -1 -1 -1 -1 -1 -1 -1 -1 -1 -1 -1 -1 -1 -1 -1 -1 -1 -1 -1 -1 -1 -1
-1 -1 -1 -1 -1 -1 -1 -1 -1 -1 -1 -1 -1 -1 -1 -1 -1 -1 -1 -1 -1 -1 -1 -1 -1 -1 -1 -1 -1 -1 -1 -1 -1 -1 -1 -1 -1 -1 -1 -1 -1 -1 -1 -1 -1 -1
-1 -1 -1 -1 -1 -1 -1 -1 -1 -1 -1 -1 -1 -1 -1 -1 -1 -1 -1 -1 -1 -1 -1 -1 -1 -1 -1 -1 -1 -1 -1 -1 -1 -1 -1 -1 -1 -1 -1 -1 -1 -1 -1 -1 -1 -1
-1 -1 -1 -1 -1 -1 -1 -1 -1 -1 -1 -1 -1 -1 -1 -1 -1 -1 -1 -1 -1 -1 -1 -1 -1 -1 -1 -1 -1 -1 -1 -1 -1 -1 -1 -1 -1 -1 -1 -1 -1 -1 -1 -1 -1 -1
-1 -1 -1 -1 -1 -1 -1 -1 -1 -1 -1 -1 -1 -1 -1 -1 -1 -1 -1 -1 -1 -1 -1 -1 -1 -1 -1 -1 -1 -1 -1 -1 -1 -1 -1 -1 -1 -1 -1 -1 -1 -1 -1 -1 -1 -1
-1 -1 -1 -1 -1 -1 -1 -1 -1 -1 -1 -1 -1 -1 -1 -1 -1 -1 -1 -1 -1 -1 -1 -1 -1 -1 -1 -1 -1 -1 -1 -1 -1 -1 -1 -1 -1 -1 -1 -1 -1 -1 -1 -1 -1 -1
-1 -1 -1 -1 -1 -1 -1 -1 -1 -1 -1 -1 -1 -1 -1 -1 -1 -1 -1 -1 -1 -1 -1 -1 -1 -1 -1 -1 -1 -1 -1 -1 -1 -1 -1 -1 -1 -1 -1 -1 -1 -1 -1 -1 -1 -1
-1 -1 -1 -1 -1 -1 -1 -1 -1 -1 -1 -1 -1 -1 -1 -1 -1 -1 -1 -1 -1 -1 -1 -1 -1 -1 -1 -1 -1 -1 -1 -1 -1 -1 -1 -1 -1 -1 -1 -1 -1 -1 -1 -1 -1 -1
-1 -1 -1 -1 -1 -1 -1 -1 -1 -1 -1 -1 -1 -1 -1 -1 -1 -1 -1 -1 -1 -1 -1 -1 -1 -1 -1 -1 -1 -1 -1 -1 -1 -1 -1 -1 -1 -1 -1 -1 -1 -1 -1 -1 -1 -1
-1 -1 -1 -1 -1 -1 -1 -1 -1 -1 -1 -1 -1 -1 -1 -1 -1 -1 -1 -1 -1 -1 -1 -1 -1 -1 -1 -1 -1 -1 -1 -1 -1 -1 -1 -1 -1 -1 -1 -1 -1 -1 -1 -1 -1 -1
-1 -1 -1 -1 -1 -1 -1 -1 -1 -1 -1 -1 -1 -1 -1 -1 -1 -1 -1 -1 -1 -1 -1 -1 -1 -1 -1 -1 -1 -1 -1 -1 -1 -1 -1 -1 -1 -1 -1 -1 -1 -1 -1 -1 -1 -1
-1 -1 -1 -1 -1 -1 -1 -1 -1 -1 -1 -1 -1 -1 -1 -1 -1 -1 -1 -1 -1 -1 -1 -1 -1 -1 -1 -1 -1 -1 -1 -1 -1 -1 -1 -1 -1 -1 -1 -1 -1 -1 -1 -1 -1 -1
-1 -1 -1 -1 -1 -1 -1 -1 -1 -1 -1 -1 -1 -1 -1 -1 -1 -1 -1 -1 -1 -1 -1 -1 -1 -1 -1 -1 -1 -1 -1 -1 -1 -1 -1 -1 -1 -1 -1 -1 -1 -1 -1 -1 -1 -1
-1 -1 -1 -1 -1 -1 -1 -1 -1 -1 -1 -1 -1 -1 -1 -1 -1 -1 -1 -1 -1 -1 -1 -1 -1 -1 -1 -1 -1 -1 -1 -1 -1 -1 -1 -1 -1 -1 -1 -1 -1 -1 -1 -1 -1 -1 /End EQUILIBRIUM_PHASES
-1 -1 -1 -1 -1 -1 -1 -1 -1 -1 -1 -1 -1 -1 -1 -1 -1 -1 -1 -1 -1 -1 -1 -1 -1 -1 -1 -1 -1 -1 -1 -1 -1 -1 -1 -1 -1 -1 -1 -1 -1 -1 -1 -1 -1 -1 
-1 -1 -1 -1 -1 -1 -1 -1 -1 -1 -1 -1 -1 -1 -1 -1 -1 -1 -1 -1 -1 -1 -1 -1 -1 -1 -1 -1 -1 -1 -1 -1 -1 -1 -1 -1 -1 -1 -1 -1 -1 -1 -1 -1 -1 -1
-1 -1 -1 -1 -1 -1 -1 -1 -1 -1 -1 -1 -1 -1 -1 -1 -1 -1 -1 -1 -1 -1 -1 -1 -1 -1 -1 -1 -1 -1 -1 -1 -1 -1 -1 -1 -1 -1 -1 -1 -1 -1 -1 -1 -1 -1
-1 -1 -1 -1 -1 -1 -1 -1 -1 -1 -1 -1 -1 -1 -1 -1 -1 -1 -1 -1 -1 -1 -1 -1 -1 -1 -1 -1 -1 -1 -1 -1 -1 -1 -1 -1 -1 -1 -1 -1 -1 -1 -1 -1 -1 -1
-1 -1 -1 -1 -1 -1 -1 -1 -1 -1 -1 -1 -1 -1 -1 -1 -1 -1 -1 -1 -1 -1 -1 -1 -1 -1 -1 -1 -1 -1 -1 -1 -1 -1 -1 -1 -1 -1 -1 -1 -1 -1 -1 -1 -1 -1
-1 -1 -1 -1 -1 -1 -1 -1 -1 -1 -1 -1 -1 -1 -1 -1 -1 -1 -1 -1 -1 -1 -1 -1 -1 -1 -1 -1 -1 -1 -1 -1 -1 -1 -1 -1 -1 -1 -1 -1 -1 -1 -1 -1 -1 -1
-1 -1 -1 -1 -1 -1 -1 -1 -1 -1 -1 -1 -1 -1 -1 -1 -1 -1 -1 -1 -1 -1 -1 -1 -1 -1 -1 -1 -1 -1 -1 -1 -1 -1 -1 -1 -1 -1 -1 -1 -1 -1 -1 -1 -1 -1
-1 -1 -1 -1 -1 -1 -1 -1 -1 -1 -1 -1 -1 -1 -1 -1 -1 -1 -1 -1 -1 -1 -1 -1 -1 -1 -1 -1 -1 -1 -1 -1 -1 -1 -1 -1 -1 -1 -1 -1 -1 -1 -1 -1 -1 -1
-1 -1 -1 -1 -1 -1 -1 -1 -1 -1 -1 -1 -1 -1 -1 -1 -1 -1 -1 -1 -1 -1 -1 -1 -1 -1 -1 -1 -1 -1 -1 -1 -1 -1 -1 -1 -1 -1 -1 -1 -1 -1 -1 -1 -1 -1
-1 -1 -1 -1 -1 -1 -1 -1 -1 -1 -1 -1 -1 -1 -1 -1 -1 -1 -1 -1 -1 -1 -1 -1 -1 -1 -1 -1 -1 -1 -1 -1 -1 -1 -1 -1 -1 -1 -1 -1 -1 -1 -1 -1 -1 -1
-1 -1 -1 -1 -1 -1 -1 -1 -1 -1 -1 -1 -1 -1 -1 -1 -1 -1 -1 -1 -1 -1 -1 -1 -1 -1 -1 -1 -1 -1 -1 -1 -1 -1 -1 -1 -1 -1 -1 -1 -1 -1 -1 -1 -1 -1
-1 -1 -1 -1 -1 -1 -1 -1 -1 -1 -1 -1 -1 -1 -1 -1 -1 -1 -1 -1 -1 -1 -1 -1 -1 -1 -1 -1 -1 -1 -1 -1 -1 -1 -1 -1 -1 -1 -1 -1 -1 -1 -1 -1 -1 -1
-1 -1 -1 -1 -1 -1 -1 -1 -1 -1 -1 -1 -1 -1 -1 -1 -1 -1 -1 -1 -1 -1 -1 -1 -1 -1 -1 -1 -1 -1 -1 -1 -1 -1 -1 -1 -1 -1 -1 -1 -1 -1 -1 -1 -1 -1
-1 -1 -1 -1 -1 -1 -1 -1 -1 -1 -1 -1 -1 -1 -1 -1 -1 -1 -1 -1 -1 -1 -1 -1 -1 -1 -1 -1 -1 -1 -1 -1 -1 -1 -1 -1 -1 -1 -1 -1 -1 -1 -1 -1 -1 -1
-1 -1 -1 -1 -1 -1 -1 -1 -1 -1 -1 -1 -1 -1 -1 -1 -1 -1 -1 -1 -1 -1 -1 -1 -1 -1 -1 -1 -1 -1 -1 -1 -1 -1 -1 -1 -1 -1 -1 -1 -1 -1 -1 -1 -1 -1
-1 -1 -1 -1 -1 -1 -1 -1 -1 -1 -1 -1 -1 -1 -1 -1 -1 -1 -1 -1 -1 -1 -1 -1 -1 -1 -1 -1 -1 -1 -1 -1 -1 -1 -1 -1 -1 -1 -1 -1 -1 -1 -1 -1 -1 -1
-1 -1 -1 -1 -1 -1 -1 -1 -1 -1 -1 -1 -1 -1 -1 -1 -1 -1 -1 -1 -1 -1 -1 -1 -1 -1 -1 -1 -1 -1 -1 -1 -1 -1 -1 -1 -1 -1 -1 -1 -1 -1 -1 -1 -1 -1
-1 -1 -1 -1 -1 -1 -1 -1 -1 -1 -1 -1 -1 -1 -1 -1 -1 -1 -1 -1 -1 -1 -1 -1 -1 -1 -1 -1 -1 -1 -1 -1 -1 -1 -1 -1 -1 -1 -1 -1 -1 -1 -1 -1 -1 -1
-1 -1 -1 -1 -1 -1 -1 -1 -1 -1 -1 -1 -1 -1 -1 -1 -1 -1 -1 -1 -1 -1 -1 -1 -1 -1 -1 -1 -1 -1 -1 -1 -1 -1 -1 -1 -1 -1 -1 -1 -1 -1 -1 -1 -1 -1
-1 -1 -1 -1 -1 -1 -1 -1 -1 -1 -1 -1 -1 -1 -1 -1 -1 -1 -1 -1 -1 -1 -1 -1 -1 -1 -1 -1 -1 -1 -1 -1 -1 -1 -1 -1 -1 -1 -1 -1 -1 -1 -1 -1 -1 -1
-1 -1 -1 -1 -1 -1 -1 -1 -1 -1 -1 -1 -1 -1 -1 -1 -1 -1 -1 -1 -1 -1 -1 -1 -1 -1 -1 -1 -1 -1 -1 -1 -1 -1 -1 -1 -1 -1 -1 -1 -1 -1 -1 -1 -1 -1
-1 -1 -1 -1 -1 -1 -1 -1 -1 -1 -1 -1 -1 -1 -1 -1 -1 -1 -1 -1 -1 -1 -1 -1 -1 -1 -1 -1 -1 -1 -1 -1 -1 -1 -1 -1 -1 -1 -1 -1 -1 -1 -1 -1 -1 -1
-1 -1 -1 -1 -1 -1 -1 -1 -1 -1 -1 -1 -1 -1 -1 -1 -1 -1 -1 -1 -1 -1 -1 -1 -1 -1 -1 -1 -1 -1 -1 -1 -1 -1 -1 -1 -1 -1 -1 -1 -1 -1 -1 -1 -1 -1
-1 -1 -1 -1 -1 -1 -1 -1 -1 -1 -1 -1 -1 -1 -1 -1 -1 -1 -1 -1 -1 -1 -1 -1 -1 -1 -1 -1 -1 -1 -1 -1 -1 -1 -1 -1 -1 -1 -1 -1 -1 -1 -1 -1 -1 -1
-1 -1 -1 -1 -1 -1 -1 -1 -1 -1 -1 -1 -1 -1 -1 -1 -1 -1 -1 -1 -1 -1 -1 -1 -1 -1 -1 -1 -1 -1 -1 -1 -1 -1 -1 -1 -1 -1 -1 -1 -1 -1 -1 -1 -1 -1
-1 -1 -1 -1 -1 -1 -1 -1 -1 -1 -1 -1 -1 -1 -1 -1 -1 -1 -1 -1 -1 -1 -1 -1 -1 -1 -1 -1 -1 -1 -1 -1 -1 -1 -1 -1 -1 -1 -1 -1 -1 -1 -1 -1 -1 -1
-1 -1 -1 -1 -1 -1 -1 -1 -1 -1 -1 -1 -1 -1 -1 -1 -1 -1 -1 -1 -1 -1 -1 -1 -1 -1 -1 -1 -1 -1 -1 -1 -1 -1 -1 -1 -1 -1 -1 -1 -1 -1 -1 -1 -1 -1
-1 -1 -1 -1 -1 -1 -1 -1 -1 -1 -1 -1 -1 -1 -1 -1 -1 -1 -1 -1 -1 -1 -1 -1 -1 -1 -1 -1 -1 -1 -1 -1 -1 -1 -1 -1 -1 -1 -1 -1 -1 -1 -1 -1 -1 -1
-1 -1 -1 -1 -1 -1 -1 -1 -1 -1 -1 -1 -1 -1 -1 -1 -1 -1 -1 -1 -1 -1 -1 -1 -1 -1 -1 -1 -1 -1 -1 -1 -1 -1 -1 -1 -1 -1 -1 -1 -1 -1 -1 -1 -1 -1
-1 -1 -1 -1 -1 -1 -1 -1 -1 -1 -1 -1 -1 -1 -1 -1 -1 -1 -1 -1 -1 -1 -1 -1 -1 -1 -1 -1 -1 -1 -1 -1 -1 -1 -1 -1 -1 -1 -1 -1 -1 -1 -1 -1 -1 -1
-1 -1 -1 -1 -1 -1 -1 -1 -1 -1 -1 -1 -1 -1 -1 -1 -1 -1 -1 -1 -1 -1 -1 -1 -1 -1 -1 -1 -1 -1 -1 -1 -1 -1 -1 -1 -1 -1 -1 -1 -1 -1 -1 -1 -1 -1
-1 -1 -1 -1 -1 -1 -1 -1 -1 -1 -1 -1 -1 -1 -1 -1 -1 -1 -1 -1 -1 -1 -1 -1 -1 -1 -1 -1 -1 -1 -1 -1 -1 -1 -1 -1 -1 -1 -1 -1 -1 -1 -1 -1 -1 -1
-1 -1 -1 -1 -1 -1 -1 -1 -1 -1 -1 -1 -1 -1 -1 -1 -1 -1 -1 -1 -1 -1 -1 -1 -1 -1 -1 -1 -1 -1 -1 -1 -1 -1 -1 -1 -1 -1 -1 -1 -1 -1 -1 -1 -1 -1
-1 -1 -1 -1 -1 -1 -1 -1 -1 -1 -1 -1 -1 -1 -1 -1 -1 -1 -1 -1 -1 -1 -1 -1 -1 -1 -1 -1 -1 -1 -1 -1 -1 -1 -1 -1 -1 -1 -1 -1 -1 -1 -1 -1 -1 -1 /End EXCHANGE
-1 -1 -1 -1 -1 -1 -1 -1 -1 -1 -1 -1 -1 -1 -1 -1 -1 -1 -1 -1 -1 -1 -1 -1 -1 -1 -1 -1 -1 -1 -1 -1 -1 -1 -1 -1 -1 -1 -1 -1 -1 -1 -1 -1 -1 -1 
-1 -1 -1 -1 -1 -1 -1 -1 -1 -1 -1 -1 -1 -1 -1 -1 -1 -1 -1 -1 -1 -1 -1 -1 -1 -1 -1 -1 -1 -1 -1 -1 -1 -1 -1 -1 -1 -1 -1 -1 -1 -1 -1 -1 -1 -1
-1 -1 -1 -1 -1 -1 -1 -1 -1 -1 -1 -1 -1 -1 -1 -1 -1 -1 -1 -1 -1 -1 -1 -1 -1 -1 -1 -1 -1 -1 -1 -1 -1 -1 -1 -1 -1 -1 -1 -1 -1 -1 -1 -1 -1 -1
-1 -1 -1 -1 -1 -1 -1 -1 -1 -1 -1 -1 -1 -1 -1 -1 -1 -1 -1 -1 -1 -1 -1 -1 -1 -1 -1 -1 -1 -1 -1 -1 -1 -1 -1 -1 -1 -1 -1 -1 -1 -1 -1 -1 -1 -1
-1 -1 -1 -1 -1 -1 -1 -1 -1 -1 -1 -1 -1 -1 -1 -1 -1 -1 -1 -1 -1 -1 -1 -1 -1 -1 -1 -1 -1 -1 -1 -1 -1 -1 -1 -1 -1 -1 -1 -1 -1 -1 -1 -1 -1 -1
-1 -1 -1 -1 -1 -1 -1 -1 -1 -1 -1 -1 -1 -1 -1 -1 -1 -1 -1 -1 -1 -1 -1 -1 -1 -1 -1 -1 -1 -1 -1 -1 -1 -1 -1 -1 -1 -1 -1 -1 -1 -1 -1 -1 -1 -1
-1 -1 -1 -1 -1 -1 -1 -1 -1 -1 -1 -1 -1 -1 -1 -1 -1 -1 -1 -1 -1 -1 -1 -1 -1 -1 -1 -1 -1 -1 -1 -1 -1 -1 -1 -1 -1 -1 -1 -1 -1 -1 -1 -1 -1 -1
-1 -1 -1 -1 -1 -1 -1 -1 -1 -1 -1 -1 -1 -1 -1 -1 -1 -1 -1 -1 -1 -1 -1 -1 -1 -1 -1 -1 -1 -1 -1 -1 -1 -1 -1 -1 -1 -1 -1 -1 -1 -1 -1 -1 -1 -1
-1 -1 -1 -1 -1 -1 -1 -1 -1 -1 -1 -1 -1 -1 -1 -1 -1 -1 -1 -1 -1 -1 -1 -1 -1 -1 -1 -1 -1 -1 -1 -1 -1 -1 -1 -1 -1 -1 -1 -1 -1 -1 -1 -1 -1 -1
-1 -1 -1 -1 -1 -1 -1 -1 -1 -1 -1 -1 -1 -1 -1 -1 -1 -1 -1 -1 -1 -1 -1 -1 -1 -1 -1 -1 -1 -1 -1 -1 -1 -1 -1 -1 -1 -1 -1 -1 -1 -1 -1 -1 -1 -1
-1 -1 -1 -1 -1 -1 -1 -1 -1 -1 -1 -1 -1 -1 -1 -1 -1 -1 -1 -1 -1 -1 -1 -1 -1 -1 -1 -1 -1 -1 -1 -1 -1 -1 -1 -1 -1 -1 -1 -1 -1 -1 -1 -1 -1 -1
-1 -1 -1 -1 -1 -1 -1 -1 -1 -1 -1 -1 -1 -1 -1 -1 -1 -1 -1 -1 -1 -1 -1 -1 -1 -1 -1 -1 -1 -1 -1 -1 -1 -1 -1 -1 -1 -1 -1 -1 -1 -1 -1 -1 -1 -1
-1 -1 -1 -1 -1 -1 -1 -1 -1 -1 -1 -1 -1 -1 -1 -1 -1 -1 -1 -1 -1 -1 -1 -1 -1 -1 -1 -1 -1 -1 -1 -1 -1 -1 -1 -1 -1 -1 -1 -1 -1 -1 -1 -1 -1 -1
-1 -1 -1 -1 -1 -1 -1 -1 -1 -1 -1 -1 -1 -1 -1 -1 -1 -1 -1 -1 -1 -1 -1 -1 -1 -1 -1 -1 -1 -1 -1 -1 -1 -1 -1 -1 -1 -1 -1 -1 -1 -1 -1 -1 -1 -1
-1 -1 -1 -1 -1 -1 -1 -1 -1 -1 -1 -1 -1 -1 -1 -1 -1 -1 -1 -1 -1 -1 -1 -1 -1 -1 -1 -1 -1 -1 -1 -1 -1 -1 -1 -1 -1 -1 -1 -1 -1 -1 -1 -1 -1 -1
-1 -1 -1 -1 -1 -1 -1 -1 -1 -1 -1 -1 -1 -1 -1 -1 -1 -1 -1 -1 -1 -1 -1 -1 -1 -1 -1 -1 -1 -1 -1 -1 -1 -1 -1 -1 -1 -1 -1 -1 -1 -1 -1 -1 -1 -1
-1 -1 -1 -1 -1 -1 -1 -1 -1 -1 -1 -1 -1 -1 -1 -1 -1 -1 -1 -1 -1 -1 -1 -1 -1 -1 -1 -1 -1 -1 -1 -1 -1 -1 -1 -1 -1 -1 -1 -1 -1 -1 -1 -1 -1 -1
-1 -1 -1 -1 -1 -1 -1 -1 -1 -1 -1 -1 -1 -1 -1 -1 -1 -1 -1 -1 -1 -1 -1 -1 -1 -1 -1 -1 -1 -1 -1 -1 -1 -1 -1 -1 -1 -1 -1 -1 -1 -1 -1 -1 -1 -1
-1 -1 -1 -1 -1 -1 -1 -1 -1 -1 -1 -1 -1 -1 -1 -1 -1 -1 -1 -1 -1 -1 -1 -1 -1 -1 -1 -1 -1 -1 -1 -1 -1 -1 -1 -1 -1 -1 -1 -1 -1 -1 -1 -1 -1 -1
-1 -1 -1 -1 -1 -1 -1 -1 -1 -1 -1 -1 -1 -1 -1 -1 -1 -1 -1 -1 -1 -1 -1 -1 -1 -1 -1 -1 -1 -1 -1 -1 -1 -1 -1 -1 -1 -1 -1 -1 -1 -1 -1 -1 -1 -1
-1 -1 -1 -1 -1 -1 -1 -1 -1 -1 -1 -1 -1 -1 -1 -1 -1 -1 -1 -1 -1 -1 -1 -1 -1 -1 -1 -1 -1 -1 -1 -1 -1 -1 -1 -1 -1 -1 -1 -1 -1 -1 -1 -1 -1 -1
-1 -1 -1 -1 -1 -1 -1 -1 -1 -1 -1 -1 -1 -1 -1 -1 -1 -1 -1 -1 -1 -1 -1 -1 -1 -1 -1 -1 -1 -1 -1 -1 -1 -1 -1 -1 -1 -1 -1 -1 -1 -1 -1 -1 -1 -1
-1 -1 -1 -1 -1 -1 -1 -1 -1 -1 -1 -1 -1 -1 -1 -1 -1 -1 -1 -1 -1 -1 -1 -1 -1 -1 -1 -1 -1 -1 -1 -1 -1 -1 -1 -1 -1 -1 -1 -1 -1 -1 -1 -1 -1 -1
-1 -1 -1 -1 -1 -1 -1 -1 -1 -1 -1 -1 -1 -1 -1 -1 -1 -1 -1 -1 -1 -1 -1 -1 -1 -1 -1 -1 -1 -1 -1 -1 -1 -1 -1 -1 -1 -1 -1 -1 -1 -1 -1 -1 -1 -1
-1 -1 -1 -1 -1 -1 -1 -1 -1 -1 -1 -1 -1 -1 -1 -1 -1 -1 -1 -1 -1 -1 -1 -1 -1 -1 -1 -1 -1 -1 -1 -1 -1 -1 -1 -1 -1 -1 -1 -1 -1 -1 -1 -1 -1 -1
-1 -1 -1 -1 -1 -1 -1 -1 -1 -1 -1 -1 -1 -1 -1 -1 -1 -1 -1 -1 -1 -1 -1 -1 -1 -1 -1 -1 -1 -1 -1 -1 -1 -1 -1 -1 -1 -1 -1 -1 -1 -1 -1 -1 -1 -1
-1 -1 -1 -1 -1 -1 -1 -1 -1 -1 -1 -1 -1 -1 -1 -1 -1 -1 -1 -1 -1 -1 -1 -1 -1 -1 -1 -1 -1 -1 -1 -1 -1 -1 -1 -1 -1 -1 -1 -1 -1 -1 -1 -1 -1 -1
-1 -1 -1 -1 -1 -1 -1 -1 -1 -1 -1 -1 -1 -1 -1 -1 -1 -1 -1 -1 -1 -1 -1 -1 -1 -1 -1 -1 -1 -1 -1 -1 -1 -1 -1 -1 -1 -1 -1 -1 -1 -1 -1 -1 -1 -1
-1 -1 -1 -1 -1 -1 -1 -1 -1 -1 -1 -1 -1 -1 -1 -1 -1 -1 -1 -1 -1 -1 -1 -1 -1 -1 -1 -1 -1 -1 -1 -1 -1 -1 -1 -1 -1 -1 -1 -1 -1 -1 -1 -1 -1 -1
-1 -1 -1 -1 -1 -1 -1 -1 -1 -1 -1 -1 -1 -1 -1 -1 -1 -1 -1 -1 -1 -1 -1 -1 -1 -1 -1 -1 -1 -1 -1 -1 -1 -1 -1 -1 -1 -1 -1 -1 -1 -1 -1 -1 -1 -1
-1 -1 -1 -1 -1 -1 -1 -1 -1 -1 -1 -1 -1 -1 -1 -1 -1 -1 -1 -1 -1 -1 -1 -1 -1 -1 -1 -1 -1 -1 -1 -1 -1 -1 -1 -1 -1 -1 -1 -1 -1 -1 -1 -1 -1 -1
-1 -1 -1 -1 -1 -1 -1 -1 -1 -1 -1 -1 -1 -1 -1 -1 -1 -1 -1 -1 -1 -1 -1 -1 -1 -1 -1 -1 -1 -1 -1 -1 -1 -1 -1 -1 -1 -1 -1 -1 -1 -1 -1 -1 -1 -1
-1 -1 -1 -1 -1 -1 -1 -1 -1 -1 -1 -1 -1 -1 -1 -1 -1 -1 -1 -1 -1 -1 -1 -1 -1 -1 -1 -1 -1 -1 -1 -1 -1 -1 -1 -1 -1 -1 -1 -1 -1 -1 -1 -1 -1 -1
-1 -1 -1 -1 -1 -1 -1 -1 -1 -1 -1 -1 -1 -1 -1 -1 -1 -1 -1 -1 -1 -1 -1 -1 -1 -1 -1 -1 -1 -1 -1 -1 -1 -1 -1 -1 -1 -1 -1 -1 -1 -1 -1 -1 -1 -1 /End SURFACE
-1 -1 -1 -1 -1 -1 -1 -1 -1 -1 -1 -1 -1 -1 -1 -1 -1 -1 -1 -1 -1 -1 -1 -1 -1 -1 -1 -1 -1 -1 -1 -1 -1 -1 -1 -1 -1 -1 -1 -1 -1 -1 -1 -1 -1 -1 
-1 -1 -1 -1 -1 -1 -1 -1 -1 -1 -1 -1 -1 -1 -1 -1 -1 -1 -1 -1 -1 -1 -1 -1 -1 -1 -1 -1 -1 -1 -1 -1 -1 -1 -1 -1 -1 -1 -1 -1 -1 -1 -1 -1 -1 -1
-1 -1 -1 -1 -1 -1 -1 -1 -1 -1 -1 -1 -1 -1 -1 -1 -1 -1 -1 -1 -1 -1 -1 -1 -1 -1 -1 -1 -1 -1 -1 -1 -1 -1 -1 -1 -1 -1 -1 -1 -1 -1 -1 -1 -1 -1
-1 -1 -1 -1 -1 -1 -1 -1 -1 -1 -1 -1 -1 -1 -1 -1 -1 -1 -1 -1 -1 -1 -1 -1 -1 -1 -1 -1 -1 -1 -1 -1 -1 -1 -1 -1 -1 -1 -1 -1 -1 -1 -1 -1 -1 -1
-1 -1 -1 -1 -1 -1 -1 -1 -1 -1 -1 -1 -1 -1 -1 -1 -1 -1 -1 -1 -1 -1 -1 -1 -1 -1 -1 -1 -1 -1 -1 -1 -1 -1 -1 -1 -1 -1 -1 -1 -1 -1 -1 -1 -1 -1
-1 -1 -1 -1 -1 -1 -1 -1 -1 -1 -1 -1 -1 -1 -1 -1 -1 -1 -1 -1 -1 -1 -1 -1 -1 -1 -1 -1 -1 -1 -1 -1 -1 -1 -1 -1 -1 -1 -1 -1 -1 -1 -1 -1 -1 -1
-1 -1 -1 -1 -1 -1 -1 -1 -1 -1 -1 -1 -1 -1 -1 -1 -1 -1 -1 -1 -1 -1 -1 -1 -1 -1 -1 -1 -1 -1 -1 -1 -1 -1 -1 -1 -1 -1 -1 -1 -1 -1 -1 -1 -1 -1
-1 -1 -1 -1 -1 -1 -1 -1 -1 -1 -1 -1 -1 -1 -1 -1 -1 -1 -1 -1 -1 -1 -1 -1 -1 -1 -1 -1 -1 -1 -1 -1 -1 -1 -1 -1 -1 -1 -1 -1 -1 -1 -1 -1 -1 -1
-1 -1 -1 -1 -1 -1 -1 -1 -1 -1 -1 -1 -1 -1 -1 -1 -1 -1 -1 -1 -1 -1 -1 -1 -1 -1 -1 -1 -1 -1 -1 -1 -1 -1 -1 -1 -1 -1 -1 -1 -1 -1 -1 -1 -1 -1
-1 -1 -1 -1 -1 -1 -1 -1 -1 -1 -1 -1 -1 -1 -1 -1 -1 -1 -1 -1 -1 -1 -1 -1 -1 -1 -1 -1 -1 -1 -1 -1 -1 -1 -1 -1 -1 -1 -1 -1 -1 -1 -1 -1 -1 -1
-1 -1 -1 -1 -1 -1 -1 -1 -1 -1 -1 -1 -1 -1 -1 -1 -1 -1 -1 -1 -1 -1 -1 -1 -1 -1 -1 -1 -1 -1 -1 -1 -1 -1 -1 -1 -1 -1 -1 -1 -1 -1 -1 -1 -1 -1
-1 -1 -1 -1 -1 -1 -1 -1 -1 -1 -1 -1 -1 -1 -1 -1 -1 -1 -1 -1 -1 -1 -1 -1 -1 -1 -1 -1 -1 -1 -1 -1 -1 -1 -1 -1 -1 -1 -1 -1 -1 -1 -1 -1 -1 -1
-1 -1 -1 -1 -1 -1 -1 -1 -1 -1 -1 -1 -1 -1 -1 -1 -1 -1 -1 -1 -1 -1 -1 -1 -1 -1 -1 -1 -1 -1 -1 -1 -1 -1 -1 -1 -1 -1 -1 -1 -1 -1 -1 -1 -1 -1
-1 -1 -1 -1 -1 -1 -1 -1 -1 -1 -1 -1 -1 -1 -1 -1 -1 -1 -1 -1 -1 -1 -1 -1 -1 -1 -1 -1 -1 -1 -1 -1 -1 -1 -1 -1 -1 -1 -1 -1 -1 -1 -1 -1 -1 -1
-1 -1 -1 -1 -1 -1 -1 -1 -1 -1 -1 -1 -1 -1 -1 -1 -1 -1 -1 -1 -1 -1 -1 -1 -1 -1 -1 -1 -1 -1 -1 -1 -1 -1 -1 -1 -1 -1 -1 -1 -1 -1 -1 -1 -1 -1
-1 -1 -1 -1 -1 -1 -1 -1 -1 -1 -1 -1 -1 -1 -1 -1 -1 -1 -1 -1 -1 -1 -1 -1 -1 -1 -1 -1 -1 -1 -1 -1 -1 -1 -1 -1 -1 -1 -1 -1 -1 -1 -1 -1 -1 -1
-1 -1 -1 -1 -1 -1 -1 -1 -1 -1 -1 -1 -1 -1 -1 -1 -1 -1 -1 -1 -1 -1 -1 -1 -1 -1 -1 -1 -1 -1 -1 -1 -1 -1 -1 -1 -1 -1 -1 -1 -1 -1 -1 -1 -1 -1
-1 -1 -1 -1 -1 -1 -1 -1 -1 -1 -1 -1 -1 -1 -1 -1 -1 -1 -1 -1 -1 -1 -1 -1 -1 -1 -1 -1 -1 -1 -1 -1 -1 -1 -1 -1 -1 -1 -1 -1 -1 -1 -1 -1 -1 -1
-1 -1 -1 -1 -1 -1 -1 -1 -1 -1 -1 -1 -1 -1 -1 -1 -1 -1 -1 -1 -1 -1 -1 -1 -1 -1 -1 -1 -1 -1 -1 -1 -1 -1 -1 -1 -1 -1 -1 -1 -1 -1 -1 -1 -1 -1
-1 -1 -1 -1 -1 -1 -1 -1 -1 -1 -1 -1 -1 -1 -1 -1 -1 -1 -1 -1 -1 -1 -1 -1 -1 -1 -1 -1 -1 -1 -1 -1 -1 -1 -1 -1 -1 -1 -1 -1 -1 -1 -1 -1 -1 -1
-1 -1 -1 -1 -1 -1 -1 -1 -1 -1 -1 -1 -1 -1 -1 -1 -1 -1 -1 -1 -1 -1 -1 -1 -1 -1 -1 -1 -1 -1 -1 -1 -1 -1 -1 -1 -1 -1 -1 -1 -1 -1 -1 -1 -1 -1
-1 -1 -1 -1 -1 -1 -1 -1 -1 -1 -1 -1 -1 -1 -1 -1 -1 -1 -1 -1 -1 -1 -1 -1 -1 -1 -1 -1 -1 -1 -1 -1 -1 -1 -1 -1 -1 -1 -1 -1 -1 -1 -1 -1 -1 -1
-1 -1 -1 -1 -1 -1 -1 -1 -1 -1 -1 -1 -1 -1 -1 -1 -1 -1 -1 -1 -1 -1 -1 -1 -1 -1 -1 -1 -1 -1 -1 -1 -1 -1 -1 -1 -1 -1 -1 -1 -1 -1 -1 -1 -1 -1
-1 -1 -1 -1 -1 -1 -1 -1 -1 -1 -1 -1 -1 -1 -1 -1 -1 -1 -1 -1 -1 -1 -1 -1 -1 -1 -1 -1 -1 -1 -1 -1 -1 -1 -1 -1 -1 -1 -1 -1 -1 -1 -1 -1 -1 -1
-1 -1 -1 -1 -1 -1 -1 -1 -1 -1 -1 -1 -1 -1 -1 -1 -1 -1 -1 -1 -1 -1 -1 -1 -1 -1 -1 -1 -1 -1 -1 -1 -1 -1 -1 -1 -1 -1 -1 -1 -1 -1 -1 -1 -1 -1
-1 -1 -1 -1 -1 -1 -1 -1 -1 -1 -1 -1 -1 -1 -1 -1 -1 -1 -1 -1 -1 -1 -1 -1 -1 -1 -1 -1 -1 -1 -1 -1 -1 -1 -1 -1 -1 -1 -1 -1 -1 -1 -1 -1 -1 -1
-1 -1 -1 -1 -1 -1 -1 -1 -1 -1 -1 -1 -1 -1 -1 -1 -1 -1 -1 -1 -1 -1 -1 -1 -1 -1 -1 -1 -1 -1 -1 -1 -1 -1 -1 -1 -1 -1 -1 -1 -1 -1 -1 -1 -1 -1
-1 -1 -1 -1 -1 -1 -1 -1 -1 -1 -1 -1 -1 -1 -1 -1 -1 -1 -1 -1 -1 -1 -1 -1 -1 -1 -1 -1 -1 -1 -1 -1 -1 -1 -1 -1 -1 -1 -1 -1 -1 -1 -1 -1 -1 -1
-1 -1 -1 -1 -1 -1 -1 -1 -1 -1 -1 -1 -1 -1 -1 -1 -1 -1 -1 -1 -1 -1 -1 -1 -1 -1 -1 -1 -1 -1 -1 -1 -1 -1 -1 -1 -1 -1 -1 -1 -1 -1 -1 -1 -1 -1
-1 -1 -1 -1 -1 -1 -1 -1 -1 -1 -1 -1 -1 -1 -1 -1 -1 -1 -1 -1 -1 -1 -1 -1 -1 -1 -1 -1 -1 -1 -1 -1 -1 -1 -1 -1 -1 -1 -1 -1 -1 -1 -1 -1 -1 -1
-1 -1 -1 -1 -1 -1 -1 -1 -1 -1 -1 -1 -1 -1 -1 -1 -1 -1 -1 -1 -1 -1 -1 -1 -1 -1 -1 -1 -1 -1 -1 -1 -1 -1 -1 -1 -1 -1 -1 -1 -1 -1 -1 -1 -1 -1
-1 -1 -1 -1 -1 -1 -1 -1 -1 -1 -1 -1 -1 -1 -1 -1 -1 -1 -1 -1 -1 -1 -1 -1 -1 -1 -1 -1 -1 -1 -1 -1 -1 -1 -1 -1 -1 -1 -1 -1 -1 -1 -1 -1 -1 -1
-1 -1 -1 -1 -1 -1 -1 -1 -1 -1 -1 -1 -1 -1 -1 -1 -1 -1 -1 -1 -1 -1 -1 -1 -1 -1 -1 -1 -1 -1 -1 -1 -1 -1 -1 -1 -1 -1 -1 -1 -1 -1 -1 -1 -1 -1
-1 -1 -1 -1 -1 -1 -1 -1 -1 -1 -1 -1 -1 -1 -1 -1 -1 -1 -1 -1 -1 -1 -1 -1 -1 -1 -1 -1 -1 -1 -1 -1 -1 -1 -1 -1 -1 -1 -1 -1 -1 -1 -1 -1 -1 -1 /End GAS_PHASE
-1 -1 -1 -1 -1 -1 -1 -1 -1 -1 -1 -1 -1 -1 -1 -1 -1 -1 -1 -1 -1 -1 -1 -1 -1 -1 -1 -1 -1 -1 -1 -1 -1 -1 -1 -1 -1 -1 -1 -1 -1 -1 -1 -1 -1 -1 
-1 -1 -1 -1 -1 -1 -1 -1 -1 -1 -1 -1 -1 -1 -1 -1 -1 -1 -1 -1 -1 -1 -1 -1 -1 -1 -1 -1 -1 -1 -1 -1 -1 -1 -1 -1 -1 -1 -1 -1 -1 -1 -1 -1 -1 -1
-1 -1 -1 -1 -1 -1 -1 -1 -1 -1 -1 -1 -1 -1 -1 -1 -1 -1 -1 -1 -1 -1 -1 -1 -1 -1 -1 -1 -1 -1 -1 -1 -1 -1 -1 -1 -1 -1 -1 -1 -1 -1 -1 -1 -1 -1
-1 -1 -1 -1 -1 -1 -1 -1 -1 -1 -1 -1 -1 -1 -1 -1 -1 -1 -1 -1 -1 -1 -1 -1 -1 -1 -1 -1 -1 -1 -1 -1 -1 -1 -1 -1 -1 -1 -1 -1 -1 -1 -1 -1 -1 -1
-1 -1 -1 -1 -1 -1 -1 -1 -1 -1 -1 -1 -1 -1 -1 -1 -1 -1 -1 -1 -1 -1 -1 -1 -1 -1 -1 -1 -1 -1 -1 -1 -1 -1 -1 -1 -1 -1 -1 -1 -1 -1 -1 -1 -1 -1
-1 -1 -1 -1 -1 -1 -1 -1 -1 -1 -1 -1 -1 -1 -1 -1 -1 -1 -1 -1 -1 -1 -1 -1 -1 -1 -1 -1 -1 -1 -1 -1 -1 -1 -1 -1 -1 -1 -1 -1 -1 -1 -1 -1 -1 -1
-1 -1 -1 -1 -1 -1 -1 -1 -1 -1 -1 -1 -1 -1 -1 -1 -1 -1 -1 -1 -1 -1 -1 -1 -1 -1 -1 -1 -1 -1 -1 -1 -1 -1 -1 -1 -1 -1 -1 -1 -1 -1 -1 -1 -1 -1
-1 -1 -1 -1 -1 -1 -1 -1 -1 -1 -1 -1 -1 -1 -1 -1 -1 -1 -1 -1 -1 -1 -1 -1 -1 -1 -1 -1 -1 -1 -1 -1 -1 -1 -1 -1 -1 -1 -1 -1 -1 -1 -1 -1 -1 -1
-1 -1 -1 -1 -1 -1 -1 -1 -1 -1 -1 -1 -1 -1 -1 -1 -1 -1 -1 -1 -1 -1 -1 -1 -1 -1 -1 -1 -1 -1 -1 -1 -1 -1 -1 -1 -1 -1 -1 -1 -1 -1 -1 -1 -1 -1
-1 -1 -1 -1 -1 -1 -1 -1 -1 -1 -1 -1 -1 -1 -1 -1 -1 -1 -1 -1 -1 -1 -1 -1 -1 -1 -1 -1 -1 -1 -1 -1 -1 -1 -1 -1 -1 -1 -1 -1 -1 -1 -1 -1 -1 -1
-1 -1 -1 -1 -1 -1 -1 -1 -1 -1 -1 -1 -1 -1 -1 -1 -1 -1 -1 -1 -1 -1 -1 -1 -1 -1 -1 -1 -1 -1 -1 -1 -1 -1 -1 -1 -1 -1 -1 -1 -1 -1 -1 -1 -1 -1
-1 -1 -1 -1 -1 -1 -1 -1 -1 -1 -1 -1 -1 -1 -1 -1 -1 -1 -1 -1 -1 -1 -1 -1 -1 -1 -1 -1 -1 -1 -1 -1 -1 -1 -1 -1 -1 -1 -1 -1 -1 -1 -1 -1 -1 -1
-1 -1 -1 -1 -1 -1 -1 -1 -1 -1 -1 -1 -1 -1 -1 -1 -1 -1 -1 -1 -1 -1 -1 -1 -1 -1 -1 -1 -1 -1 -1 -1 -1 -1 -1 -1 -1 -1 -1 -1 -1 -1 -1 -1 -1 -1
-1 -1 -1 -1 -1 -1 -1 -1 -1 -1 -1 -1 -1 -1 -1 -1 -1 -1 -1 -1 -1 -1 -1 -1 -1 -1 -1 -1 -1 -1 -1 -1 -1 -1 -1 -1 -1 -1 -1 -1 -1 -1 -1 -1 -1 -1
-1 -1 -1 -1 -1 -1 -1 -1 -1 -1 -1 -1 -1 -1 -1 -1 -1 -1 -1 -1 -1 -1 -1 -1 -1 -1 -1 -1 -1 -1 -1 -1 -1 -1 -1 -1 -1 -1 -1 -1 -1 -1 -1 -1 -1 -1
-1 -1 -1 -1 -1 -1 -1 -1 -1 -1 -1 -1 -1 -1 -1 -1 -1 -1 -1 -1 -1 -1 -1 -1 -1 -1 -1 -1 -1 -1 -1 -1 -1 -1 -1 -1 -1 -1 -1 -1 -1 -1 -1 -1 -1 -1
-1 -1 -1 -1 -1 -1 -1 -1 -1 -1 -1 -1 -1 -1 -1 -1 -1 -1 -1 -1 -1 -1 -1 -1 -1 -1 -1 -1 -1 -1 -1 -1 -1 -1 -1 -1 -1 -1 -1 -1 -1 -1 -1 -1 -1 -1
-1 -1 -1 -1 -1 -1 -1 -1 -1 -1 -1 -1 -1 -1 -1 -1 -1 -1 -1 -1 -1 -1 -1 -1 -1 -1 -1 -1 -1 -1 -1 -1 -1 -1 -1 -1 -1 -1 -1 -1 -1 -1 -1 -1 -1 -1
-1 -1 -1 -1 -1 -1 -1 -1 -1 -1 -1 -1 -1 -1 -1 -1 -1 -1 -1 -1 -1 -1 -1 -1 -1 -1 -1 -1 -1 -1 -1 -1 -1 -1 -1 -1 -1 -1 -1 -1 -1 -1 -1 -1 -1 -1
-1 -1 -1 -1 -1 -1 -1 -1 -1 -1 -1 -1 -1 -1 -1 -1 -1 -1 -1 -1 -1 -1 -1 -1 -1 -1 -1 -1 -1 -1 -1 -1 -1 -1 -1 -1 -1 -1 -1 -1 -1 -1 -1 -1 -1 -1
-1 -1 -1 -1 -1 -1 -1 -1 -1 -1 -1 -1 -1 -1 -1 -1 -1 -1 -1 -1 -1 -1 -1 -1 -1 -1 -1 -1 -1 -1 -1 -1 -1 -1 -1 -1 -1 -1 -1 -1 -1 -1 -1 -1 -1 -1
-1 -1 -1 -1 -1 -1 -1 -1 -1 -1 -1 -1 -1 -1 -1 -1 -1 -1 -1 -1 -1 -1 -1 -1 -1 -1 -1 -1 -1 -1 -1 -1 -1 -1 -1 -1 -1 -1 -1 -1 -1 -1 -1 -1 -1 -1
-1 -1 -1 -1 -1 -1 -1 -1 -1 -1 -1 -1 -1 -1 -1 -1 -1 -1 -1 -1 -1 -1 -1 -1 -1 -1 -1 -1 -1 -1 -1 -1 -1 -1 -1 -1 -1 -1 -1 -1 -1 -1 -1 -1 -1 -1
-1 -1 -1 -1 -1 -1 -1 -1 -1 -1 -1 -1 -1 -1 -1 -1 -1 -1 -1 -1 -1 -1 -1 -1 -1 -1 -1 -1 -1 -1 -1 -1 -1 -1 -1 -1 -1 -1 -1 -1 -1 -1 -1 -1 -1 -1
-1 -1 -1 -1 -1 -1 -1 -1 -1 -1 -1 -1 -1 -1 -1 -1 -1 -1 -1 -1 -1 -1 -1 -1 -1 -1 -1 -1 -1 -1 -1 -1 -1 -1 -1 -1 -1 -1 -1 -1 -1 -1 -1 -1 -1 -1
-1 -1 -1 -1 -1 -1 -1 -1 -1 -1 -1 -1 -1 -1 -1 -1 -1 -1 -1 -1 -1 -1 -1 -1 -1 -1 -1 -1 -1 -1 -1 -1 -1 -1 -1 -1 -1 -1 -1 -1 -1 -1 -1 -1 -1 -1
-1 -1 -1 -1 -1 -1 -1 -1 -1 -1 -1 -1 -1 -1 -1 -1 -1 -1 -1 -1 -1 -1 -1 -1 -1 -1 -1 -1 -1 -1 -1 -1 -1 -1 -1 -1 -1 -1 -1 -1 -1 -1 -1 -1 -1 -1
-1 -1 -1 -1 -1 -1 -1 -1 -1 -1 -1 -1 -1 -1 -1 -1 -1 -1 -1 -1 -1 -1 -1 -1 -1 -1 -1 -1 -1 -1 -1 -1 -1 -1 -1 -1 -1 -1 -1 -1 -1 -1 -1 -1 -1 -1
-1 -1 -1 -1 -1 -1 -1 -1 -1 -1 -1 -1 -1 -1 -1 -1 -1 -1 -1 -1 -1 -1 -1 -1 -1 -1 -1 -1 -1 -1 -1 -1 -1 -1 -1 -1 -1 -1 -1 -1 -1 -1 -1 -1 -1 -1
-1 -1 -1 -1 -1 -1 -1 -1 -1 -1 -1 -1 -1 -1 -1 -1 -1 -1 -1 -1 -1 -1 -1 -1 -1 -1 -1 -1 -1 -1 -1 -1 -1 -1 -1 -1 -1 -1 -1 -1 -1 -1 -1 -1 -1 -1
-1 -1 -1 -1 -1 -1 -1 -1 -1 -1 -1 -1 -1 -1 -1 -1 -1 -1 -1 -1 -1 -1 -1 -1 -1 -1 -1 -1 -1 -1 -1 -1 -1 -1 -1 -1 -1 -1 -1 -1 -1 -1 -1 -1 -1 -1
-1 -1 -1 -1 -1 -1 -1 -1 -1 -1 -1 -1 -1 -1 -1 -1 -1 -1 -1 -1 -1 -1 -1 -1 -1 -1 -1 -1 -1 -1 -1 -1 -1 -1 -1 -1 -1 -1 -1 -1 -1 -1 -1 -1 -1 -1
-1 -1 -1 -1 -1 -1 -1 -1 -1 -1 -1 -1 -1 -1 -1 -1 -1 -1 -1 -1 -1 -1 -1 -1 -1 -1 -1 -1 -1 -1 -1 -1 -1 -1 -1 -1 -1 -1 -1 -1 -1 -1 -1 -1 -1 -1
-1 -1 -1 -1 -1 -1 -1 -1 -1 -1 -1 -1 -1 -1 -1 -1 -1 -1 -1 -1 -1 -1 -1 -1 -1 -1 -1 -1 -1 -1 -1 -1 -1 -1 -1 -1 -1 -1 -1 -1 -1 -1 -1 -1 -1 -1 /End SOLID_SOLUTIONS
-1 -1 -1 -1 -1 -1 -1 -1 -1 -1 -1 -1 -1 -1 -1 -1 -1 -1 -1 -1 -1 -1 -1 -1 -1 -1 -1 -1 -1 -1 -1 -1 -1 -1 -1 -1 -1 -1 -1 -1 -1 -1 -1 -1 -1 -1 
-1 -1 -1 -1 -1 -1 -1 -1 -1 -1 -1 -1 -1 -1 -1 -1 -1 -1 -1 -1 -1 -1 -1 -1 -1 -1 -1 -1 -1 -1 -1 -1 -1 -1 -1 -1 -1 -1 -1 -1 -1 -1 -1 -1 -1 -1
-1 -1 -1 -1 -1 -1 -1 -1 -1 -1 -1 -1 -1 -1 -1 -1 -1 -1 -1 -1 -1 -1 -1 -1 -1 -1 -1 -1 -1 -1 -1 -1 -1 -1 -1 -1 -1 -1 -1 -1 -1 -1 -1 -1 -1 -1
-1 -1 -1 -1 -1 -1 -1 -1 -1 -1 -1 -1 -1 -1 -1 -1 -1 -1 -1 -1 -1 -1 -1 -1 -1 -1 -1 -1 -1 -1 -1 -1 -1 -1 -1 -1 -1 -1 -1 -1 -1 -1 -1 -1 -1 -1
-1 -1 -1 -1 -1 -1 -1 -1 -1 -1 -1 -1 -1 -1 -1 -1 -1 -1 -1 -1 -1 -1 -1 -1 -1 -1 -1 -1 -1 -1 -1 -1 -1 -1 -1 -1 -1 -1 -1 -1 -1 -1 -1 -1 -1 -1
-1 -1 -1 -1 -1 -1 -1 -1 -1 -1 -1 -1 -1 -1 -1 -1 -1 -1 -1 -1 -1 -1 -1 -1 -1 -1 -1 -1 -1 -1 -1 -1 -1 -1 -1 -1 -1 -1 -1 -1 -1 -1 -1 -1 -1 -1
-1 -1 -1 -1 -1 -1 -1 -1 -1 -1 -1 -1 -1 -1 -1 -1 -1 -1 -1 -1 -1 -1 -1 -1 -1 -1 -1 -1 -1 -1 -1 -1 -1 -1 -1 -1 -1 -1 -1 -1 -1 -1 -1 -1 -1 -1
-1 -1 -1 -1 -1 -1 -1 -1 -1 -1 -1 -1 -1 -1 -1 -1 -1 -1 -1 -1 -1 -1 -1 -1 -1 -1 -1 -1 -1 -1 -1 -1 -1 -1 -1 -1 -1 -1 -1 -1 -1 -1 -1 -1 -1 -1
-1 -1 -1 -1 -1 -1 -1 -1 -1 -1 -1 -1 -1 -1 -1 -1 -1 -1 -1 -1 -1 -1 -1 -1 -1 -1 -1 -1 -1 -1 -1 -1 -1 -1 -1 -1 -1 -1 -1 -1 -1 -1 -1 -1 -1 -1
-1 -1 -1 -1 -1 -1 -1 -1 -1 -1 -1 -1 -1 -1 -1 -1 -1 -1 -1 -1 -1 -1 -1 -1 -1 -1 -1 -1 -1 -1 -1 -1 -1 -1 -1 -1 -1 -1 -1 -1 -1 -1 -1 -1 -1 -1
-1 -1 -1 -1 -1 -1 -1 -1 -1 -1 -1 -1 -1 -1 -1 -1 -1 -1 -1 -1 -1 -1 -1 -1 -1 -1 -1 -1 -1 -1 -1 -1 -1 -1 -1 -1 -1 -1 -1 -1 -1 -1 -1 -1 -1 -1
-1 -1 -1 -1 -1 -1 -1 -1 -1 -1 -1 -1 -1 -1 -1 -1 -1 -1 -1 -1 -1 -1 -1 -1 -1 -1 -1 -1 -1 -1 -1 -1 -1 -1 -1 -1 -1 -1 -1 -1 -1 -1 -1 -1 -1 -1
-1 -1 -1 -1 -1 -1 -1 -1 -1 -1 -1 -1 -1 -1 -1 -1 -1 -1 -1 -1 -1 -1 -1 -1 -1 -1 -1 -1 -1 -1 -1 -1 -1 -1 -1 -1 -1 -1 -1 -1 -1 -1 -1 -1 -1 -1
-1 -1 -1 -1 -1 -1 -1 -1 -1 -1 -1 -1 -1 -1 -1 -1 -1 -1 -1 -1 -1 -1 -1 -1 -1 -1 -1 -1 -1 -1 -1 -1 -1 -1 -1 -1 -1 -1 -1 -1 -1 -1 -1 -1 -1 -1
-1 -1 -1 -1 -1 -1 -1 -1 -1 -1 -1 -1 -1 -1 -1 -1 -1 -1 -1 -1 -1 -1 -1 -1 -1 -1 -1 -1 -1 -1 -1 -1 -1 -1 -1 -1 -1 -1 -1 -1 -1 -1 -1 -1 -1 -1
-1 -1 -1 -1 -1 -1 -1 -1 -1 -1 -1 -1 -1 -1 -1 -1 -1 -1 -1 -1 -1 -1 -1 -1 -1 -1 -1 -1 -1 -1 -1 -1 -1 -1 -1 -1 -1 -1 -1 -1 -1 -1 -1 -1 -1 -1
-1 -1 -1 -1 -1 -1 -1 -1 -1 -1 -1 -1 -1 -1 -1 -1 -1 -1 -1 -1 -1 -1 -1 -1 -1 -1 -1 -1 -1 -1 -1 -1 -1 -1 -1 -1 -1 -1 -1 -1 -1 -1 -1 -1 -1 -1
-1 -1 -1 -1 -1 -1 -1 -1 -1 -1 -1 -1 -1 -1 -1 -1 -1 -1 -1 -1 -1 -1 -1 -1 -1 -1 -1 -1 -1 -1 -1 -1 -1 -1 -1 -1 -1 -1 -1 -1 -1 -1 -1 -1 -1 -1
-1 -1 -1 -1 -1 -1 -1 -1 -1 -1 -1 -1 -1 -1 -1 -1 -1 -1 -1 -1 -1 -1 -1 -1 -1 -1 -1 -1 -1 -1 -1 -1 -1 -1 -1 -1 -1 -1 -1 -1 -1 -1 -1 -1 -1 -1
-1 -1 -1 -1 -1 -1 -1 -1 -1 -1 -1 -1 -1 -1 -1 -1 -1 -1 -1 -1 -1 -1 -1 -1 -1 -1 -1 -1 -1 -1 -1 -1 -1 -1 -1 -1 -1 -1 -1 -1 -1 -1 -1 -1 -1 -1
-1 -1 -1 -1 -1 -1 -1 -1 -1 -1 -1 -1 -1 -1 -1 -1 -1 -1 -1 -1 -1 -1 -1 -1 -1 -1 -1 -1 -1 -1 -1 -1 -1 -1 -1 -1 -1 -1 -1 -1 -1 -1 -1 -1 -1 -1
-1 -1 -1 -1 -1 -1 -1 -1 -1 -1 -1 -1 -1 -1 -1 -1 -1 -1 -1 -1 -1 -1 -1 -1 -1 -1 -1 -1 -1 -1 -1 -1 -1 -1 -1 -1 -1 -1 -1 -1 -1 -1 -1 -1 -1 -1
-1 -1 -1 -1 -1 -1 -1 -1 -1 -1 -1 -1 -1 -1 -1 -1 -1 -1 -1 -1 -1 -1 -1 -1 -1 -1 -1 -1 -1 -1 -1 -1 -1 -1 -1 -1 -1 -1 -1 -1 -1 -1 -1 -1 -1 -1
-1 -1 -1 -1 -1 -1 -1 -1 -1 -1 -1 -1 -1 -1 -1 -1 -1 -1 -1 -1 -1 -1 -1 -1 -1 -1 -1 -1 -1 -1 -1 -1 -1 -1 -1 -1 -1 -1 -1 -1 -1 -1 -1 -1 -1 -1
-1 -1 -1 -1 -1 -1 -1 -1 -1 -1 -1 -1 -1 -1 -1 -1 -1 -1 -1 -1 -1 -1 -1 -1 -1 -1 -1 -1 -1 -1 -1 -1 -1 -1 -1 -1 -1 -1 -1 -1 -1 -1 -1 -1 -1 -1
-1 -1 -1 -1 -1 -1 -1 -1 -1 -1 -1 -1 -1 -1 -1 -1 -1 -1 -1 -1 -1 -1 -1 -1 -1 -1 -1 -1 -1 -1 -1 -1 -1 -1 -1 -1 -1 -1 -1 -1 -1 -1 -1 -1 -1 -1
-1 -1 -1 -1 -1 -1 -1 -1 -1 -1 -1 -1 -1 -1 -1 -1 -1 -1 -1 -1 -1 -1 -1 -1 -1 -1 -1 -1 -1 -1 -1 -1 -1 -1 -1 -1 -1 -1 -1 -1 -1 -1 -1 -1 -1 -1
-1 -1 -1 -1 -1 -1 -1 -1 -1 -1 -1 -1 -1 -1 -1 -1 -1 -1 -1 -1 -1 -1 -1 -1 -1 -1 -1 -1 -1 -1 -1 -1 -1 -1 -1 -1 -1 -1 -1 -1 -1 -1 -1 -1 -1 -1
-1 -1 -1 -1 -1 -1 -1 -1 -1 -1 -1 -1 -1 -1 -1 -1 -1 -1 -1 -1 -1 -1 -1 -1 -1 -1 -1 -1 -1 -1 -1 -1 -1 -1 -1 -1 -1 -1 -1 -1 -1 -1 -1 -1 -1 -1
-1 -1 -1 -1 -1 -1 -1 -1 -1 -1 -1 -1 -1 -1 -1 -1 -1 -1 -1 -1 -1 -1 -1 -1 -1 -1 -1 -1 -1 -1 -1 -1 -1 -1 -1 -1 -1 -1 -1 -1 -1 -1 -1 -1 -1 -1
-1 -1 -1 -1 -1 -1 -1 -1 -1 -1 -1 -1 -1 -1 -1 -1 -1 -1 -1 -1 -1 -1 -1 -1 -1 -1 -1 -1 -1 -1 -1 -1 -1 -1 -1 -1 -1 -1 -1 -1 -1 -1 -1 -1 -1 -1
-1 -1 -1 -1 -1 -1 -1 -1 -1 -1 -1 -1 -1 -1 -1 -1 -1 -1 -1 -1 -1 -1 -1 -1 -1 -1 -1 -1 -1 -1 -1 -1 -1 -1 -1 -1 -1 -1 -1 -1 -1 -1 -1 -1 -1 -1
-1 -1 -1 -1 -1 -1 -1 -1 -1 -1 -1 -1 -1 -1 -1 -1 -1 -1 -1 -1 -1 -1 -1 -1 -1 -1 -1 -1 -1 -1 -1 -1 -1 -1 -1 -1 -1 -1 -1 -1 -1 -1 -1 -1 -1 -1
-1 -1 -1 -1 -1 -1 -1 -1 -1 -1 -1 -1 -1 -1 -1 -1 -1 -1 -1 -1 -1 -1 -1 -1 -1 -1 -1 -1 -1 -1 -1 -1 -1 -1 -1 -1 -1 -1 -1 -1 -1 -1 -1 -1 -1 -1 /End KINETICS
8640.0 1.0E-4          /C-1 -- TPER, DELT (Recharge Period 1)
1.2 100.0 1.0E-4 0.1    /C-2 -- TMLT, DLTMX, DLTMIN, TRED
100.0 0.0              /C-3 -- DSMAX, STERR
0.0                    /C-4 -- POND
F                      /C-5 -- PRNT
F F T                  /C-6 -- BCIT, ETSIM, SEEP
2                      /C-7 -- NFCS
11 0                   /C-8 -- JJ, JLAST. C-9 begins next line: J, N
30 2
29 2
28 2
27 2
26 2
25 2
24 2
23 2
22 2
21 2
20 2
11 0                   /C-8 -- JJ, JLAST. C-9 begins next line: J, N
30 45
29 45
28 45
27 45
26 45
25 45
24 45
23 45
22 45
21 45
20 45
0                      /C-10 -- IBC
20 2 3 0.0             /C-11 -- JJ, NN, NTX, PFDUM
0 0.0                  /C-12 -- NTT, TF
0 0                    /C-13 -- NTC, INSBC1
21 2 3 0.0             /C-11 -- JJ, NN, NTX, PFDUM
0 0.0                  /C-12 -- NTT, TF
0 0                    /C-13 -- NTC, INSBC1
22 2 3 0.0             /C-11 -- JJ, NN, NTX, PFDUM
0 0.0                  /C-12 -- NTT, TF
0 0                    /C-13 -- NTC, INSBC1
23 2 3 0.0             /C-11 -- JJ, NN, NTX, PFDUM
0 0.0                  /C-12 -- NTT, TF
0 0                    /C-13 -- NTC, INSBC1
24 2 3 0.0             /C-11 -- JJ, NN, NTX, PFDUM
0 0.0                  /C-12 -- NTT, TF
0 0                    /C-13 -- NTC, INSBC1
25 2 3 0.0             /C-11 -- JJ, NN, NTX, PFDUM
0 0.0                  /C-12 -- NTT, TF
0 0                    /C-13 -- NTC, INSBC1
26 2 3 0.0             /C-11 -- JJ, NN, NTX, PFDUM
0 0.0                  /C-12 -- NTT, TF
0 0                    /C-13 -- NTC, INSBC1
27 2 3 0.0             /C-11 -- JJ, NN, NTX, PFDUM
0 0.0                  /C-12 -- NTT, TF
0 0                    /C-13 -- NTC, INSBC1
28 2 3 0.0             /C-11 -- JJ, NN, NTX, PFDUM
0 0.0                  /C-12 -- NTT, TF
0 0                    /C-13 -- NTC, INSBC1
29 2 3 0.0             /C-11 -- JJ, NN, NTX, PFDUM
0 0.0                  /C-12 -- NTT, TF
0 0                    /C-13 -- NTC, INSBC1
30 2 3 0.0             /C-11 -- JJ, NN, NTX, PFDUM
0 0.0                  /C-12 -- NTT, TF
0 0                    /C-13 -- NTC, INSBC1
31 2 4 -3.7291667      /C-11 -- JJ, NN, NTX, PFDUM
0 12.0                 /C-12 -- NTT, TF
0 1                    /C-13 -- NTC, INSBC1
32 2 4 -3.7291667      /C-11 -- JJ, NN, NTX, PFDUM
0 12.0                 /C-12 -- NTT, TF
0 1                    /C-13 -- NTC, INSBC1
33 2 0 0.0             /C-11 -- JJ, NN, NTX, PFDUM
1 12.0                 /C-12 -- NTT, TF
0 0                    /C-13 -- NTC, INSBC1
33 3 0 0.0             /C-11 -- JJ, NN, NTX, PFDUM
1 12.0                 /C-12 -- NTT, TF
0 0                    /C-13 -- NTC, INSBC1
33 4 0 0.0             /C-11 -- JJ, NN, NTX, PFDUM
1 12.0                 /C-12 -- NTT, TF
0 0                    /C-13 -- NTC, INSBC1
33 5 0 0.0             /C-11 -- JJ, NN, NTX, PFDUM
1 12.0                 /C-12 -- NTT, TF
0 0                    /C-13 -- NTC, INSBC1
33 6 0 0.0             /C-11 -- JJ, NN, NTX, PFDUM
1 12.0                 /C-12 -- NTT, TF
0 0                    /C-13 -- NTC, INSBC1
33 7 0 0.0             /C-11 -- JJ, NN, NTX, PFDUM
1 12.0                 /C-12 -- NTT, TF
0 0                    /C-13 -- NTC, INSBC1
33 8 0 0.0             /C-11 -- JJ, NN, NTX, PFDUM
1 12.0                 /C-12 -- NTT, TF
0 0                    /C-13 -- NTC, INSBC1
33 9 0 0.0             /C-11 -- JJ, NN, NTX, PFDUM
1 12.0                 /C-12 -- NTT, TF
0 0                    /C-13 -- NTC, INSBC1
33 10 0 0.0            /C-11 -- JJ, NN, NTX, PFDUM
1 12.0                 /C-12 -- NTT, TF
0 0                    /C-13 -- NTC, INSBC1
33 11 0 0.0            /C-11 -- JJ, NN, NTX, PFDUM
1 12.0                 /C-12 -- NTT, TF
0 0                    /C-13 -- NTC, INSBC1
33 12 0 0.0            /C-11 -- JJ, NN, NTX, PFDUM
1 12.0                 /C-12 -- NTT, TF
0 0                    /C-13 -- NTC, INSBC1
33 13 0 0.0            /C-11 -- JJ, NN, NTX, PFDUM
1 12.0                 /C-12 -- NTT, TF
0 0                    /C-13 -- NTC, INSBC1
33 14 0 0.0            /C-11 -- JJ, NN, NTX, PFDUM
1 12.0                 /C-12 -- NTT, TF
0 0                    /C-13 -- NTC, INSBC1
33 15 0 0.0            /C-11 -- JJ, NN, NTX, PFDUM
1 12.0                 /C-12 -- NTT, TF
0 0                    /C-13 -- NTC, INSBC1
33 16 0 0.0            /C-11 -- JJ, NN, NTX, PFDUM
1 12.0                 /C-12 -- NTT, TF
0 0                    /C-13 -- NTC, INSBC1
33 17 0 0.0            /C-11 -- JJ, NN, NTX, PFDUM
1 12.0                 /C-12 -- NTT, TF
0 0                    /C-13 -- NTC, INSBC1
33 18 0 0.0            /C-11 -- JJ, NN, NTX, PFDUM
1 12.0                 /C-12 -- NTT, TF
0 0                    /C-13 -- NTC, INSBC1
33 19 0 0.0            /C-11 -- JJ, NN, NTX, PFDUM
1 12.0                 /C-12 -- NTT, TF
0 0                    /C-13 -- NTC, INSBC1
33 20 0 0.0            /C-11 -- JJ, NN, NTX, PFDUM
1 12.0                 /C-12 -- NTT, TF
0 0                    /C-13 -- NTC, INSBC1
33 21 0 0.0            /C-11 -- JJ, NN, NTX, PFDUM
1 12.0                 /C-12 -- NTT, TF
0 0                    /C-13 -- NTC, INSBC1
33 22 0 0.0            /C-11 -- JJ, NN, NTX, PFDUM
1 12.0                 /C-12 -- NTT, TF
0 0                    /C-13 -- NTC, INSBC1
33 23 0 0.0            /C-11 -- JJ, NN, NTX, PFDUM
1 12.0                 /C-12 -- NTT, TF
0 0                    /C-13 -- NTC, INSBC1
33 24 0 0.0            /C-11 -- JJ, NN, NTX, PFDUM
1 12.0                 /C-12 -- NTT, TF
0 0                    /C-13 -- NTC, INSBC1
33 25 0 0.0            /C-11 -- JJ, NN, NTX, PFDUM
1 12.0                 /C-12 -- NTT, TF
0 0                    /C-13 -- NTC, INSBC1
33 26 0 0.0            /C-11 -- JJ, NN, NTX, PFDUM
1 12.0                 /C-12 -- NTT, TF
0 0                    /C-13 -- NTC, INSBC1
33 27 0 0.0            /C-11 -- JJ, NN, NTX, PFDUM
1 12.0                 /C-12 -- NTT, TF
0 0                    /C-13 -- NTC, INSBC1
33 28 0 0.0            /C-11 -- JJ, NN, NTX, PFDUM
1 12.0                 /C-12 -- NTT, TF
0 0                    /C-13 -- NTC, INSBC1
33 29 0 0.0            /C-11 -- JJ, NN, NTX, PFDUM
1 12.0                 /C-12 -- NTT, TF
0 0                    /C-13 -- NTC, INSBC1
33 30 0 0.0            /C-11 -- JJ, NN, NTX, PFDUM
1 12.0                 /C-12 -- NTT, TF
0 0                    /C-13 -- NTC, INSBC1
33 31 0 0.0            /C-11 -- JJ, NN, NTX, PFDUM
1 12.0                 /C-12 -- NTT, TF
0 0                    /C-13 -- NTC, INSBC1
33 32 0 0.0            /C-11 -- JJ, NN, NTX, PFDUM
1 12.0                 /C-12 -- NTT, TF
0 0                    /C-13 -- NTC, INSBC1
33 33 0 0.0            /C-11 -- JJ, NN, NTX, PFDUM
1 12.0                 /C-12 -- NTT, TF
0 0                    /C-13 -- NTC, INSBC1
33 34 0 0.0            /C-11 -- JJ, NN, NTX, PFDUM
1 12.0                 /C-12 -- NTT, TF
0 0                    /C-13 -- NTC, INSBC1
33 35 0 0.0            /C-11 -- JJ, NN, NTX, PFDUM
1 12.0                 /C-12 -- NTT, TF
0 0                    /C-13 -- NTC, INSBC1
33 36 0 0.0            /C-11 -- JJ, NN, NTX, PFDUM
1 12.0                 /C-12 -- NTT, TF
0 0                    /C-13 -- NTC, INSBC1
33 37 0 0.0            /C-11 -- JJ, NN, NTX, PFDUM
1 12.0                 /C-12 -- NTT, TF
0 0                    /C-13 -- NTC, INSBC1
33 38 0 0.0            /C-11 -- JJ, NN, NTX, PFDUM
1 12.0                 /C-12 -- NTT, TF
0 0                    /C-13 -- NTC, INSBC1
33 39 0 0.0            /C-11 -- JJ, NN, NTX, PFDUM
1 12.0                 /C-12 -- NTT, TF
0 0                    /C-13 -- NTC, INSBC1
33 40 0 0.0            /C-11 -- JJ, NN, NTX, PFDUM
1 12.0                 /C-12 -- NTT, TF
0 0                    /C-13 -- NTC, INSBC1
33 41 0 0.0            /C-11 -- JJ, NN, NTX, PFDUM
1 12.0                 /C-12 -- NTT, TF
0 0                    /C-13 -- NTC, INSBC1
33 42 0 0.0            /C-11 -- JJ, NN, NTX, PFDUM
1 12.0                 /C-12 -- NTT, TF
0 0                    /C-13 -- NTC, INSBC1
33 43 0 0.0            /C-11 -- JJ, NN, NTX, PFDUM
1 12.0                 /C-12 -- NTT, TF
0 0                    /C-13 -- NTC, INSBC1
33 44 0 0.0            /C-11 -- JJ, NN, NTX, PFDUM
1 12.0                 /C-12 -- NTT, TF
0 0                    /C-13 -- NTC, INSBC1
33 45 0 0.0            /C-11 -- JJ, NN, NTX, PFDUM
1 12.0                 /C-12 -- NTT, TF
0 0                    /C-13 -- NTC, INSBC1
31 45 4 -3.7291667     /C-11 -- JJ, NN, NTX, PFDUM
0 12.0                 /C-12 -- NTT, TF
0 1                    /C-13 -- NTC, INSBC1
32 45 4 -3.7291667     /C-11 -- JJ, NN, NTX, PFDUM
0 12.0                 /C-12 -- NTT, TF
0 1                    /C-13 -- NTC, INSBC1
20 45 3 0.0            /C-11 -- JJ, NN, NTX, PFDUM
0 0.0                  /C-12 -- NTT, TF
0 0                    /C-13 -- NTC, INSBC1
21 45 3 0.0            /C-11 -- JJ, NN, NTX, PFDUM
0 0.0                  /C-12 -- NTT, TF
0 0                    /C-13 -- NTC, INSBC1
22 45 3 0.0            /C-11 -- JJ, NN, NTX, PFDUM
0 0.0                  /C-12 -- NTT, TF
0 0                    /C-13 -- NTC, INSBC1
23 45 3 0.0            /C-11 -- JJ, NN, NTX, PFDUM
0 0.0                  /C-12 -- NTT, TF
0 0                    /C-13 -- NTC, INSBC1
24 45 3 0.0            /C-11 -- JJ, NN, NTX, PFDUM
0 0.0                  /C-12 -- NTT, TF
0 0                    /C-13 -- NTC, INSBC1
25 45 3 0.0            /C-11 -- JJ, NN, NTX, PFDUM
0 0.0                  /C-12 -- NTT, TF
0 0                    /C-13 -- NTC, INSBC1
26 45 3 0.0            /C-11 -- JJ, NN, NTX, PFDUM
0 0.0                  /C-12 -- NTT, TF
0 0                    /C-13 -- NTC, INSBC1
27 45 3 0.0            /C-11 -- JJ, NN, NTX, PFDUM
0 0.0                  /C-12 -- NTT, TF
0 0                    /C-13 -- NTC, INSBC1
28 45 3 0.0            /C-11 -- JJ, NN, NTX, PFDUM
0 0.0                  /C-12 -- NTT, TF
0 0                    /C-13 -- NTC, INSBC1
29 45 3 0.0            /C-11 -- JJ, NN, NTX, PFDUM
0 0.0                  /C-12 -- NTT, TF
0 0                    /C-13 -- NTC, INSBC1
30 45 3 0.0            /C-11 -- JJ, NN, NTX, PFDUM
0 0.0                  /C-12 -- NTT, TF
0 0                    /C-13 -- NTC, INSBC1
2 34 2 1.0096619E-8    /C-11 -- JJ, NN, NTX, PFDUM
0 10.0                 /C-12 -- NTT, TF
0 1                    /C-13 -- NTC, INSBC1
2 35 2 1.0096619E-8    /C-11 -- JJ, NN, NTX, PFDUM
0 10.0                 /C-12 -- NTT, TF
0 1                    /C-13 -- NTC, INSBC1
2 36 2 1.0096619E-8    /C-11 -- JJ, NN, NTX, PFDUM
0 10.0                 /C-12 -- NTT, TF
0 1                    /C-13 -- NTC, INSBC1
2 37 2 1.0096619E-8    /C-11 -- JJ, NN, NTX, PFDUM
0 10.0                 /C-12 -- NTT, TF
0 1                    /C-13 -- NTC, INSBC1
2 38 2 1.0096619E-8    /C-11 -- JJ, NN, NTX, PFDUM
0 10.0                 /C-12 -- NTT, TF
0 1                    /C-13 -- NTC, INSBC1
2 39 2 1.0096619E-8    /C-11 -- JJ, NN, NTX, PFDUM
0 10.0                 /C-12 -- NTT, TF
0 1                    /C-13 -- NTC, INSBC1
2 40 2 1.0096619E-8    /C-11 -- JJ, NN, NTX, PFDUM
0 10.0                 /C-12 -- NTT, TF
0 1                    /C-13 -- NTC, INSBC1
2 41 2 1.0096619E-8    /C-11 -- JJ, NN, NTX, PFDUM
0 10.0                 /C-12 -- NTT, TF
0 1                    /C-13 -- NTC, INSBC1
2 42 2 1.0096619E-8    /C-11 -- JJ, NN, NTX, PFDUM
0 10.0                 /C-12 -- NTT, TF
0 1                    /C-13 -- NTC, INSBC1
2 43 2 1.0096619E-8    /C-11 -- JJ, NN, NTX, PFDUM
0 10.0                 /C-12 -- NTT, TF
0 1                    /C-13 -- NTC, INSBC1
2 44 2 1.0096619E-8    /C-11 -- JJ, NN, NTX, PFDUM
0 10.0                 /C-12 -- NTT, TF
0 1                    /C-13 -- NTC, INSBC1
2 45 2 1.0096619E-8    /C-11 -- JJ, NN, NTX, PFDUM
0 10.0                 /C-12 -- NTT, TF
0 1                    /C-13 -- NTC, INSBC1
2 33 2 1.0508292E-8    /C-11 -- JJ, NN, NTX, PFDUM
0 10.0                 /C-12 -- NTT, TF
0 1                    /C-13 -- NTC, INSBC1
3 31 2 1.0508292E-8    /C-11 -- JJ, NN, NTX, PFDUM
0 10.0                 /C-12 -- NTT, TF
0 1                    /C-13 -- NTC, INSBC1
3 32 2 1.0508292E-8    /C-11 -- JJ, NN, NTX, PFDUM
0 10.0                 /C-12 -- NTT, TF
0 1                    /C-13 -- NTC, INSBC1
4 28 2 1.0508292E-8    /C-11 -- JJ, NN, NTX, PFDUM
0 10.0                 /C-12 -- NTT, TF
0 1                    /C-13 -- NTC, INSBC1
4 29 2 1.0508292E-8    /C-11 -- JJ, NN, NTX, PFDUM
0 10.0                 /C-12 -- NTT, TF
0 1                    /C-13 -- NTC, INSBC1
4 30 2 1.0508292E-8    /C-11 -- JJ, NN, NTX, PFDUM
0 10.0                 /C-12 -- NTT, TF
0 1                    /C-13 -- NTC, INSBC1
5 27 2 1.0508292E-8    /C-11 -- JJ, NN, NTX, PFDUM
0 10.0                 /C-12 -- NTT, TF
0 1                    /C-13 -- NTC, INSBC1
5 17 1 0.0             /C-11 -- JJ, NN, NTX, PFDUM
0 30.0                 /C-12 -- NTT, TF
0 2                    /C-13 -- NTC, INSBC1
5 18 1 0.0             /C-11 -- JJ, NN, NTX, PFDUM
0 30.0                 /C-12 -- NTT, TF
0 2                    /C-13 -- NTC, INSBC1
5 19 1 0.0             /C-11 -- JJ, NN, NTX, PFDUM
0 30.0                 /C-12 -- NTT, TF
0 2                    /C-13 -- NTC, INSBC1
5 20 1 0.0             /C-11 -- JJ, NN, NTX, PFDUM
0 30.0                 /C-12 -- NTT, TF
0 2                    /C-13 -- NTC, INSBC1
5 21 1 0.0             /C-11 -- JJ, NN, NTX, PFDUM
0 30.0                 /C-12 -- NTT, TF
0 2                    /C-13 -- NTC, INSBC1
5 22 1 0.0             /C-11 -- JJ, NN, NTX, PFDUM
0 30.0                 /C-12 -- NTT, TF
0 2                    /C-13 -- NTC, INSBC1
5 23 1 0.0             /C-11 -- JJ, NN, NTX, PFDUM
0 30.0                 /C-12 -- NTT, TF
0 2                    /C-13 -- NTC, INSBC1
5 24 1 0.0             /C-11 -- JJ, NN, NTX, PFDUM
0 30.0                 /C-12 -- NTT, TF
0 2                    /C-13 -- NTC, INSBC1
5 25 1 0.0             /C-11 -- JJ, NN, NTX, PFDUM
0 30.0                 /C-12 -- NTT, TF
0 2                    /C-13 -- NTC, INSBC1
5 26 1 0.0             /C-11 -- JJ, NN, NTX, PFDUM
0 30.0                 /C-12 -- NTT, TF
0 2                    /C-13 -- NTC, INSBC1
2 11 2 1.0947312E-8    /C-11 -- JJ, NN, NTX, PFDUM
0 10.0                 /C-12 -- NTT, TF
0 1                    /C-13 -- NTC, INSBC1
3 12 2 1.0947312E-8    /C-11 -- JJ, NN, NTX, PFDUM
0 10.0                 /C-12 -- NTT, TF
0 1                    /C-13 -- NTC, INSBC1
3 13 2 1.0947312E-8    /C-11 -- JJ, NN, NTX, PFDUM
0 10.0                 /C-12 -- NTT, TF
0 1                    /C-13 -- NTC, INSBC1
4 14 2 1.0947312E-8    /C-11 -- JJ, NN, NTX, PFDUM
0 10.0                 /C-12 -- NTT, TF
0 1                    /C-13 -- NTC, INSBC1
4 15 2 1.0947312E-8    /C-11 -- JJ, NN, NTX, PFDUM
0 10.0                 /C-12 -- NTT, TF
0 1                    /C-13 -- NTC, INSBC1
5 16 2 1.0947312E-8    /C-11 -- JJ, NN, NTX, PFDUM
0 10.0                 /C-12 -- NTT, TF
0 1                    /C-13 -- NTC, INSBC1
2 2 2 1.0237113E-8     /C-11 -- JJ, NN, NTX, PFDUM
0 10.0                 /C-12 -- NTT, TF
0 1                    /C-13 -- NTC, INSBC1
2 3 2 1.0237113E-8     /C-11 -- JJ, NN, NTX, PFDUM
0 10.0                 /C-12 -- NTT, TF
0 1                    /C-13 -- NTC, INSBC1
2 4 2 1.0237113E-8     /C-11 -- JJ, NN, NTX, PFDUM
0 10.0                 /C-12 -- NTT, TF
0 1                    /C-13 -- NTC, INSBC1
2 5 2 1.0237113E-8     /C-11 -- JJ, NN, NTX, PFDUM
0 10.0                 /C-12 -- NTT, TF
0 1                    /C-13 -- NTC, INSBC1
2 6 2 1.0237113E-8     /C-11 -- JJ, NN, NTX, PFDUM
0 10.0                 /C-12 -- NTT, TF
0 1                    /C-13 -- NTC, INSBC1
2 7 2 1.0237113E-8     /C-11 -- JJ, NN, NTX, PFDUM
0 10.0                 /C-12 -- NTT, TF
0 1                    /C-13 -- NTC, INSBC1
2 8 2 1.0237113E-8     /C-11 -- JJ, NN, NTX, PFDUM
0 10.0                 /C-12 -- NTT, TF
0 1                    /C-13 -- NTC, INSBC1
2 9 2 1.0237113E-8     /C-11 -- JJ, NN, NTX, PFDUM
0 10.0                 /C-12 -- NTT, TF
0 1                    /C-13 -- NTC, INSBC1
2 10 2 1.0237113E-8    /C-11 -- JJ, NN, NTX, PFDUM
0 10.0                 /C-12 -- NTT, TF
0 1                    /C-13 -- NTC, INSBC1
-999999                /C-19 -- End of data for recharge period 1
864000.0 1.0E-4        /C-1 -- TPER, DELT (Recharge Period 2)
1.2 2000.0 1.0E-4 0.1    /C-2 -- TMLT, DLTMX, DLTMIN, TRED
100.0 0.0              /C-3 -- DSMAX, STERR
0.0                    /C-4 -- POND
F                      /C-5 -- PRNT
F F T                  /C-6 -- BCIT, ETSIM, SEEP
2                      /C-7 -- NFCS
11 0                   /C-8 -- JJ, JLAST. C-9 begins next line: J, N
30 2
29 2
28 2
27 2
26 2
25 2
24 2
23 2
22 2
21 2
20 2
11 0                   /C-8 -- JJ, JLAST. C-9 begins next line: J, N
30 45
29 45
28 45
27 45
26 45
25 45
24 45
23 45
22 45
21 45
20 45
0                      /C-10 -- IBC
5 17 2 9.778034E-9     /C-11 -- JJ, NN, NTX, PFDUM
0 10.0                 /C-12 -- NTT, TF
0 1                    /C-13 -- NTC, INSBC1
5 18 2 9.778034E-9     /C-11 -- JJ, NN, NTX, PFDUM
0 10.0                 /C-12 -- NTT, TF
0 1                    /C-13 -- NTC, INSBC1
5 19 2 9.778034E-9     /C-11 -- JJ, NN, NTX, PFDUM
0 10.0                 /C-12 -- NTT, TF
0 1                    /C-13 -- NTC, INSBC1
5 20 2 9.778034E-9     /C-11 -- JJ, NN, NTX, PFDUM
0 10.0                 /C-12 -- NTT, TF
0 1                    /C-13 -- NTC, INSBC1
5 21 2 9.778034E-9     /C-11 -- JJ, NN, NTX, PFDUM
0 10.0                 /C-12 -- NTT, TF
0 1                    /C-13 -- NTC, INSBC1
5 22 2 9.778034E-9     /C-11 -- JJ, NN, NTX, PFDUM
0 10.0                 /C-12 -- NTT, TF
0 1                    /C-13 -- NTC, INSBC1
5 23 2 9.778034E-9     /C-11 -- JJ, NN, NTX, PFDUM
0 10.0                 /C-12 -- NTT, TF
0 1                    /C-13 -- NTC, INSBC1
5 24 2 9.778034E-9     /C-11 -- JJ, NN, NTX, PFDUM
0 10.0                 /C-12 -- NTT, TF
0 1                    /C-13 -- NTC, INSBC1
5 25 2 9.778034E-9     /C-11 -- JJ, NN, NTX, PFDUM
0 10.0                 /C-12 -- NTT, TF
0 1                    /C-13 -- NTC, INSBC1
5 26 2 9.778034E-9     /C-11 -- JJ, NN, NTX, PFDUM
0 10.0                 /C-12 -- NTT, TF
0 1                    /C-13 -- NTC, INSBC1
-999999                /C-19 -- End of data for recharge period 2
-999999 /End of input data file
